12 0.65 0.8859375 0.275 0.228125
12 0.7390625 0.8984375 0.24375 0.203125
12 0.7609375 0.671875 0.33125 0.3296875
12 0.5609375 0.58046875 0.359375 0.3578125
12 0.5078125 0.78046875 0.271875 0.271875
12 0.38828125 0.87890625 0.2953125 0.2421875
12 0.27265625 0.72421875 0.434375 0.4375
12 0.3296875 0.33828125 0.4296875 0.4484375
12 0.3625 0.11328125 0.3125 0.2265625
12 0.5953125 0.2046875 0.41875 0.409375
12 0.80234375 0.36953125 0.375 0.375
12 0.86796875 0.25078125 0.2640625 0.2703125
12 0.79765625 0.084375 0.19375 0.1140625
