12 0.8859375 0.28828125 0.228125 0.21640625
12 0.8765625 0.19765625 0.228125 0.16484375
12 0.62890625 0.215625 0.32421875 0.2328125
12 0.5703125 0.42734375 0.29140625 0.29765625
12 0.77578125 0.4484375 0.20234375 0.2515625
12 0.92578125 0.55078125 0.1484375 0.3546875
12 0.75703125 0.68984375 0.38984375 0.35390625
12 0.3671875 0.69375 0.38203125 0.3546875
12 0.0921875 0.7 0.184375 0.3421875
12 0.18828125 0.453125 0.359375 0.36796875
12 0.32421875 0.221875 0.3296875 0.32109375
12 0.19609375 0.17265625 0.21484375 0.23828125
12 0.03984375 0.27109375 0.0796875 0.178125
