12 0.82265625 0.20078125 0.278125 0.2796875
12 0.79140625 0.11640625 0.2765625 0.2328125
12 0.55625 0.19296875 0.359375 0.359375
12 0.55078125 0.4125 0.365625 0.365625
12 0.75546875 0.38359375 0.290625 0.290625
12 0.878125 0.453125 0.24375 0.315625
12 0.78359375 0.621875 0.4328125 0.453125
12 0.41796875 0.7203125 0.49375 0.49375
12 0.17421875 0.7859375 0.2890625 0.321875
12 0.20390625 0.52890625 0.4078125 0.4515625
12 0.2625 0.27265625 0.4203125 0.4203125
12 0.1296875 0.25546875 0.259375 0.2859375
12 0.03125 0.3875 0.0625 0.196875
