12 0.09765625 0.14921875 0.1953125 0.2453125
12 0.28203125 0.11953125 0.2828125 0.2296875
12 0.1890625 0.30703125 0.2765625 0.2765625
12 0.16328125 0.38359375 0.3265625 0.2609375
12 0.16640625 0.53515625 0.2734375 0.2734375
12 0.28359375 0.6046875 0.275 0.275
12 0.090625 0.66171875 0.1734375 0.1953125
12 0.13515625 0.91640625 0.2109375 0.1671875
12 0.265625 0.7734375 0.296875 0.296875
12 0.3421875 0.8734375 0.29375 0.253125
12 0.61328125 0.93359375 0.1671875 0.1296875
12 0.66171875 0.821875 0.315625 0.3171875
12 0.48125 0.8453125 0.2265625 0.2265625
12 0.815625 0.87734375 0.228125 0.2171875
12 0.93828125 0.84140625 0.1234375 0.1890625
12 0.7671875 0.69375 0.265625 0.2671875
12 0.53515625 0.63515625 0.33125 0.2515625
12 0.93984375 0.61640625 0.1203125 0.2109375
12 0.84921875 0.49921875 0.3015625 0.3328125
12 0.86875 0.29140625 0.2484375 0.2140625
12 0.5265625 0.4203125 0.3140625 0.3140625
12 0.3703125 0.45859375 0.215625 0.2140625
12 0.421875 0.253125 0.271875 0.271875
12 0.57421875 0.1171875 0.2734375 0.234375
12 0.65234375 0.2765625 0.25625 0.2703125
12 0.83984375 0.1328125 0.2859375 0.265625
12 0.6796875 0.49140625 0.25 0.25
