12 0.09921875 0.14375 0.1984375 0.225
12 0.10546875 0.3515625 0.2109375 0.25
12 0.25625 0.22734375 0.2828125 0.2828125
12 0.3265625 0.178125 0.3234375 0.3234375
12 0.4765625 0.165625 0.2609375 0.2609375
12 0.56484375 0.26875 0.2859375 0.2859375
12 0.5875 0.07421875 0.25 0.1484375
12 0.86640625 0.09296875 0.2015625 0.1859375
12 0.728125 0.22109375 0.2546875 0.346875
12 0.85078125 0.27890625 0.284375 0.3046875
12 0.95625 0.534375 0.0875 0.25
12 0.840625 0.603125 0.31875 0.325
12 0.83671875 0.42109375 0.2140625 0.2140625
12 0.91015625 0.74609375 0.1796875 0.2609375
12 0.89140625 0.903125 0.2171875 0.1375
12 0.73671875 0.7296875 0.2953125 0.2953125
12 0.6390625 0.5109375 0.321875 0.321875
12 0.69375 0.921875 0.2140625 0.140625
12 0.5609375 0.84375 0.340625 0.3125
12 0.36015625 0.88984375 0.2453125 0.2203125
12 0.4265625 0.53984375 0.275 0.3140625
12 0.43671875 0.3796875 0.21875 0.21875
12 0.24375 0.465625 0.296875 0.2984375
12 0.125 0.6421875 0.25 0.2703125
12 0.30625 0.68828125 0.2765625 0.275
12 0.18359375 0.878125 0.3015625 0.24375
12 0.52265625 0.678125 0.2796875 0.2328125
