12 0.121875 0.10234375 0.2125 0.2046875
12 0.10546875 0.31015625 0.19921875 0.25859375
12 0.2859375 0.203125 0.2109375 0.26953125
12 0.3609375 0.16171875 0.2203125 0.3234375
12 0.51171875 0.16484375 0.171875 0.29609375
12 0.5890625 0.2765625 0.215625 0.2859375
12 0.634375 0.06875 0.22421875 0.1375
12 0.9140625 0.10703125 0.17109375 0.21328125
12 0.75625 0.246875 0.2 0.3125
12 0.8859375 0.3171875 0.22578125 0.29609375
12 0.96640625 0.584375 0.0671875 0.2359375
12 0.83203125 0.6390625 0.22265625 0.315625
12 0.84296875 0.45703125 0.2171875 0.16640625
12 0.9046875 0.78984375 0.190625 0.234375
12 0.8734375 0.94765625 0.25234375 0.1046875
12 0.71171875 0.753125 0.23046875 0.26484375
12 0.6375 0.52578125 0.221875 0.3109375
12 0.64921875 0.9421875 0.196875 0.11484375
12 0.5265625 0.86484375 0.29921875 0.26953125
12 0.31875 0.8859375 0.18046875 0.22734375
12 0.42265625 0.53203125 0.24453125 0.2875
12 0.45 0.3734375 0.1875 0.1734375
12 0.2484375 0.4390625 0.23359375 0.2609375
12 0.103125 0.60390625 0.1953125 0.29140625
12 0.2875 0.6671875 0.24765625 0.23046875
12 0.1453125 0.8734375 0.26875 0.253125
12 0.50390625 0.6796875 0.24453125 0.1859375
