12 0.32421875 0.82265625 0.3890625 0.3546875
12 0.50546875 0.6484375 0.3875 0.4453125
12 0.18984375 0.6109375 0.3796875 0.425
12 0.10546875 0.3546875 0.2109375 0.284375
12 0.165625 0.21640625 0.33125 0.3640625
12 0.4109375 0.16484375 0.425 0.3296875
12 0.4484375 0.3984375 0.35 0.35
12 0.17734375 0.89765625 0.2453125 0.2046875
12 0.60078125 0.88828125 0.2765625 0.2234375
12 0.71796875 0.73515625 0.4078125 0.4078125
12 0.79375 0.48203125 0.4125 0.4453125
12 0.68359375 0.29765625 0.3234375 0.315625
12 0.775 0.1234375 0.34375 0.246875
12 0.88046875 0.28671875 0.203125 0.2125
12 0.91953125 0.74921875 0.1609375 0.2546875
12 0.88203125 0.88359375 0.2359375 0.1421875
