12 0.2703125 0.79765625 0.3375 0.3390625
12 0.4796875 0.646875 0.325 0.3984375
12 0.1515625 0.5546875 0.303125 0.3875
12 0.1125 0.28359375 0.225 0.2390625
12 0.17109375 0.1609375 0.3421875 0.31875
12 0.47109375 0.1484375 0.3953125 0.296875
12 0.4671875 0.39140625 0.3578125 0.2875
12 0.09609375 0.8625 0.1859375 0.275
12 0.53203125 0.93125 0.3390625 0.1375
12 0.6734375 0.76953125 0.371875 0.375
12 0.81015625 0.53828125 0.3796875 0.3796875
12 0.715625 0.3328125 0.2765625 0.2765625
12 0.8421875 0.13203125 0.30625 0.2640625
12 0.90859375 0.35625 0.18125 0.1984375
12 0.90625 0.825 0.1875 0.215625
12 0.85234375 0.925 0.2015625 0.140625
