12 0.79375 0.26484375 0.29296875 0.31171875
12 0.646875 0.47734375 0.3796875 0.303125
12 0.55 0.14921875 0.37578125 0.29375
12 0.278125 0.1109375 0.2359375 0.221875
12 0.1421875 0.178125 0.284375 0.35546875
12 0.14296875 0.47890625 0.26875 0.36796875
12 0.390625 0.46875 0.2421875 0.32734375
12 0.8640625 0.084375 0.27109375 0.16875
12 0.93828125 0.52578125 0.12265625 0.33203125
12 0.77265625 0.66875 0.334375 0.33125
12 0.54375 0.81015625 0.36796875 0.3625
12 0.33671875 0.71875 0.24375 0.25703125
12 0.13359375 0.85234375 0.25859375 0.29453125
12 0.36484375 0.92109375 0.2 0.15703125
12 0.83359375 0.90625 0.20703125 0.1875
12 0.9640625 0.8453125 0.07109375 0.309375
