12 0.425 0.71484375 0.5015625 0.5015625
12 0.1703125 0.7328125 0.340625 0.446875
12 0.12421875 0.37578125 0.2484375 0.4703125
12 0.2171875 0.07109375 0.25625 0.1421875
12 0.34140625 0.24765625 0.4984375 0.4953125
12 0.40234375 0.05078125 0.1734375 0.1015625
12 0.51640625 0.83125 0.5421875 0.3375
12 0.75859375 0.6734375 0.3328125 0.334375
12 0.58046875 0.465625 0.4296875 0.4296875
12 0.575 0.17734375 0.353125 0.3546875
12 0.753125 0.16484375 0.240625 0.240625
12 0.78125 0.375 0.328125 0.3609375
12 0.91328125 0.14375 0.1734375 0.153125
