12 0.7265625 0.525 0.39375 0.38671875
12 0.8203125 0.82890625 0.35078125 0.3421875
12 0.46796875 0.91015625 0.4390625 0.1796875
12 0.0890625 0.88359375 0.178125 0.2328125
12 0.28828125 0.7109375 0.3890625 0.36328125
12 0.04453125 0.70234375 0.0890625 0.1953125
12 0.86328125 0.40234375 0.2734375 0.4609375
12 0.6109375 0.209375 0.2984375 0.2359375
12 0.4484375 0.4296875 0.34609375 0.32109375
12 0.15859375 0.5015625 0.315625 0.28359375
12 0.11640625 0.32890625 0.22421875 0.1515625
12 0.31484375 0.25390625 0.2921875 0.24375
12 0.053125 0.1484375 0.10625 0.21171875
