12 0.7265625 0.47734375 0.4890625 0.4890625
12 0.82890625 0.7484375 0.3421875 0.425
12 0.55078125 0.875 0.4859375 0.25
12 0.1875 0.9140625 0.240625 0.171875
12 0.33671875 0.75 0.48125 0.4796875
12 0.11015625 0.7890625 0.1453125 0.16875
12 0.7984375 0.33515625 0.403125 0.4578125
12 0.5484375 0.19296875 0.325 0.3234375
12 0.43515625 0.4421875 0.44375 0.4265625
12 0.18046875 0.5703125 0.3609375 0.36875
12 0.10390625 0.4125 0.2078125 0.2375
12 0.26796875 0.29765625 0.321875 0.321875
12 0.04609375 0.24453125 0.0921875 0.1953125
