12 0.6265625 0.7265625 0.43125 0.546875
12 0.29921875 0.7515625 0.33203125 0.496875
12 0.1375 0.6 0.275 0.45625
12 0.240625 0.303125 0.29296875 0.3578125
12 0.53203125 0.38125 0.30078125 0.3328125
12 0.7046875 0.184375 0.2421875 0.28515625
12 0.81484375 0.39296875 0.2796875 0.35234375
12 0.9421875 0.78359375 0.115625 0.4296875
12 0.9484375 0.27734375 0.10234375 0.22421875
12 0.81328125 0.08046875 0.2171875 0.16015625
12 0.459375 0.11640625 0.2515625 0.22734375
12 0.27265625 0.07421875 0.15390625 0.1484375
12 0.85 0.69609375 0.10703125 0.24140625
