12 0.4359375 0.71484375 0.5625 0.5703125
12 0.75078125 0.6828125 0.4984375 0.596875
12 0.821875 0.509375 0.35625 0.45
12 0.69921875 0.24296875 0.4125 0.453125
12 0.43828125 0.39375 0.4109375 0.4296875
12 0.2203125 0.2484375 0.340625 0.340625
12 0.1890625 0.47734375 0.378125 0.4203125
12 0.15 0.83125 0.23125 0.3375
12 0.059375 0.39453125 0.11875 0.2046875
12 0.10703125 0.17578125 0.2140625 0.2109375
12 0.440625 0.13203125 0.29375 0.2640625
12 0.6109375 0.06171875 0.1875 0.1234375
12 0.2125 0.7796875 0.225 0.225
