12 0.43125 0.7140625 0.64375 0.571875
12 0.73984375 0.6953125 0.5203125 0.55
12 0.81953125 0.51484375 0.3609375 0.4578125
12 0.70390625 0.24609375 0.4265625 0.428125
12 0.43984375 0.3921875 0.3921875 0.4140625
12 0.225 0.24296875 0.3296875 0.3296875
12 0.175 0.47265625 0.35 0.4140625
12 0.18359375 0.8515625 0.2734375 0.296875
12 0.04609375 0.390625 0.0921875 0.246875
12 0.1078125 0.1765625 0.215625 0.221875
12 0.4484375 0.1328125 0.3 0.265625
12 0.6203125 0.06484375 0.196875 0.1296875
12 0.2078125 0.775 0.2328125 0.23125
