9 0.2 0.7640625 0.08359375 0.12734375
9 0.3484375 0.5734375 0.0359375 0.059375
9 0.390625 0.4546875 0.046875 0.07265625
9 0.425 0.5640625 0.03125 0.046875
9 0.44921875 0.67109375 0.07421875 0.12578125
9 0.49765625 0.60703125 0.046875 0.07109375
9 0.5984375 0.65078125 0.08671875 0.13046875
9 0.5609375 0.72734375 0.0515625 0.11328125
9 0.33828125 0.41171875 0.0421875 0.0578125
9 0.6765625 0.44453125 0.040625 0.08203125
9 0.76328125 0.39921875 0.0375 0.08515625
9 0.69609375 0.51171875 0.0390625 0.0578125
9 0.6546875 0.59296875 0.059375 0.09921875
9 0.74140625 0.57890625 0.06328125 0.07109375
