9 0.1984375 0.76328125 0.0859375 0.13125
9 0.3515625 0.565625 0.0375 0.06171875
9 0.3953125 0.44296875 0.0484375 0.075
9 0.43125 0.55625 0.0328125 0.0484375
9 0.45546875 0.6671875 0.0765625 0.1296875
9 0.50546875 0.60078125 0.0484375 0.0734375
9 0.609375 0.64609375 0.0890625 0.134375
9 0.57109375 0.725 0.05390625 0.1171875
9 0.340625 0.39921875 0.04375 0.06015625
9 0.690625 0.4328125 0.0421875 0.084375
9 0.7796875 0.38671875 0.0390625 0.0875
9 0.71015625 0.50234375 0.040625 0.06015625
9 0.66796875 0.5859375 0.06171875 0.10234375
9 0.75703125 0.57109375 0.06484375 0.0734375
