11 0.50234375 0.56875 0.828125 0.5125
11 0.29375 0.62109375 0.5875 0.4734375
11 0.68984375 0.721875 0.6203125 0.459375
11 0.85546875 0.50546875 0.2890625 0.3078125
11 0.84375 0.71328125 0.3125 0.4203125
11 0.46328125 0.78828125 0.7515625 0.4234375
11 0.43203125 0.9390625 0.4390625 0.121875
11 0.2453125 0.88359375 0.30625 0.2328125
11 0.409375 0.409375 0.7 0.3390625
11 0.6375 0.4296875 0.7109375 0.4
11 0.4 0.1453125 0.3609375 0.25
11 0.6484375 0.0859375 0.403125 0.171875
11 0.63671875 0.24921875 0.5984375 0.365625
11 0.6953125 0.12578125 0.384375 0.2125
11 0.78671875 0.1390625 0.234375 0.1625
11 0.18046875 0.52890625 0.3609375 0.3953125
11 0.18046875 0.27734375 0.3609375 0.2546875
11 0.3265625 0.1015625 0.3625 0.203125
11 0.0765625 0.25703125 0.153125 0.2234375
11 0.08203125 0.1921875 0.1640625 0.184375
