11 0.47890625 0.565625 0.7859375 0.26015625
11 0.2609375 0.54296875 0.52109375 0.3140625
11 0.6546875 0.7921875 0.690625 0.2375
11 0.8578125 0.63671875 0.28359375 0.225
11 0.81640625 0.84296875 0.3671875 0.3140625
11 0.34609375 0.815625 0.67890625 0.33203125
11 0.265625 0.94765625 0.42890625 0.1046875
11 0.10859375 0.83125 0.2171875 0.3
11 0.44609375 0.38359375 0.70703125 0.103125
11 0.653125 0.48125 0.69375 0.17265625
11 0.52734375 0.1328125 0.33125 0.14609375
11 0.80078125 0.1109375 0.36875 0.16640625
11 0.7140625 0.3109375 0.57109375 0.18125
11 0.81171875 0.215625 0.3765625 0.0890625
11 0.89296875 0.25859375 0.2140625 0.0953125
11 0.165625 0.41015625 0.33125 0.3
11 0.26328125 0.178125 0.3640625 0.13828125
11 0.4765625 0.05625 0.3453125 0.1125
11 0.12421875 0.1046875 0.24765625 0.14765625
11 0.14609375 0.04453125 0.2921875 0.0890625
