11 0.4890625 0.56796875 0.8171875 0.3796875
11 0.27578125 0.57890625 0.5515625 0.3921875
11 0.66953125 0.76328125 0.6609375 0.3421875
11 0.85859375 0.57890625 0.2828125 0.2671875
11 0.8296875 0.78828125 0.340625 0.3671875
11 0.396875 0.809375 0.721875 0.38125
11 0.3375 0.946875 0.440625 0.10625
11 0.16484375 0.86171875 0.2609375 0.2765625
11 0.42890625 0.39375 0.7140625 0.2125
11 0.64609375 0.45703125 0.7078125 0.2796875
11 0.46953125 0.1328125 0.35 0.196875
11 0.7359375 0.08984375 0.390625 0.1796875
11 0.68203125 0.2796875 0.5921875 0.26875
11 0.76328125 0.1703125 0.3859375 0.146875
11 0.85 0.2 0.2265625 0.128125
11 0.17109375 0.46328125 0.3421875 0.3484375
11 0.215625 0.21875 0.38125 0.19375
11 0.4078125 0.07421875 0.359375 0.1484375
11 0.1 0.1671875 0.2 0.184375
11 0.11484375 0.1046875 0.2296875 0.134375
