9 0.17890625 0.52734375 0.2265625 0.209375
9 0.21484375 0.7390625 0.1859375 0.17734375
9 0.3703125 0.9453125 0.134375 0.109375
9 0.51953125 0.9453125 0.1828125 0.109375
9 0.5234375 0.5125 0.103125 0.11171875
9 0.34375 0.55703125 0.0828125 0.07890625
9 0.8671875 0.56171875 0.265625 0.2265625
9 0.13984375 0.109375 0.140625 0.134375
9 0.19453125 0.22109375 0.11484375 0.103125
9 0.265625 0.359375 0.209375 0.20625
9 0.4703125 0.39453125 0.21640625 0.203125
9 0.74921875 0.2046875 0.16875 0.1515625
9 0.8265625 0.33671875 0.171875 0.1515625
9 0.83828125 0.4390625 0.121875 0.121875
9 0.44765625 0.64453125 0.35078125 0.3125
9 0.309375 0.115625 0.20625 0.175
