9 0.13828125 0.51171875 0.22265625 0.20625
9 0.17421875 0.71953125 0.1828125 0.17421875
9 0.32734375 0.93046875 0.13203125 0.121875
9 0.475 0.93515625 0.17890625 0.1296875
9 0.44453125 0.98203125 0.1859375 0.03515625
9 0.47734375 0.49765625 0.1015625 0.11015625
9 0.30078125 0.540625 0.08125 0.07734375
9 0.81640625 0.5453125 0.26015625 0.22265625
9 0.10078125 0.10078125 0.13828125 0.13203125
9 0.15390625 0.21015625 0.11328125 0.1015625
9 0.2234375 0.34609375 0.20625 0.20234375
9 0.425 0.38125 0.2125 0.19921875
9 0.69921875 0.19453125 0.165625 0.1484375
9 0.775 0.32421875 0.16875 0.1484375
9 0.7875 0.425 0.1203125 0.1203125
9 0.403125 0.6265625 0.34453125 0.3078125
9 0.2671875 0.10703125 0.20234375 0.17265625
