15 0.178125 0.68828125 0.35625 0.25
15 0.61640625 0.38359375 0.2515625 0.1359375
15 0.603125 0.221875 0.2375 0.171875
15 0.1546875 0.50234375 0.296875 0.2265625
15 0.6125 0.69609375 0.2921875 0.1515625
15 0.59921875 0.07734375 0.275 0.153125
15 0.14140625 0.30390625 0.2703125 0.2140625
15 0.1390625 0.109375 0.265625 0.215625
15 0.1734375 0.871875 0.340625 0.159375
15 0.609375 0.940625 0.2515625 0.11875
15 0.61328125 0.82578125 0.2875 0.14375
15 0.63125 0.5640625 0.3 0.140625
15 0.64296875 0.4453125 0.26875 0.1140625
15 0.32734375 0.30546875 0.203125 0.171875
15 0.8859375 0.475 0.196875 0.11875
15 0.89140625 0.2078125 0.2078125 0.1203125
15 0.4296875 0.18828125 0.234375 0.165625
15 0.42890625 0.659375 0.175 0.1421875
15 0.72890625 0.19375 0.121875 0.1203125
15 0.38515625 0.94375 0.2359375 0.1125
15 0.35546875 0.46796875 0.2125 0.175
15 0.39765625 0.05703125 0.2078125 0.1125
