15 0.68828125 0.821875 0.24921875 0.35625
15 0.38359375 0.38359375 0.1359375 0.2515625
15 0.221875 0.396875 0.17265625 0.2375
15 0.50234375 0.8453125 0.2265625 0.296875
15 0.69609375 0.3875 0.1515625 0.2921875
15 0.07734375 0.40078125 0.15390625 0.27421875
15 0.30390625 0.85859375 0.2140625 0.2703125
15 0.109375 0.8609375 0.21640625 0.265625
15 0.871875 0.8265625 0.159375 0.34140625
15 0.940625 0.390625 0.11875 0.2515625
15 0.82578125 0.38671875 0.14296875 0.2875
15 0.5640625 0.36875 0.13984375 0.29921875
15 0.4453125 0.35703125 0.1140625 0.26875
15 0.30546875 0.67265625 0.17109375 0.20390625
15 0.475 0.1140625 0.11875 0.19765625
15 0.2078125 0.10859375 0.1203125 0.2078125
15 0.18828125 0.5703125 0.16640625 0.23515625
15 0.659375 0.57109375 0.1421875 0.17578125
15 0.19375 0.27109375 0.1203125 0.12109375
15 0.94375 0.61484375 0.11171875 0.2359375
15 0.46796875 0.64453125 0.17578125 0.2125
15 0.05703125 0.60234375 0.11328125 0.2078125
