11 0.7421875 0.2328125 0.35625 0.3609375
11 0.67421875 0.32890625 0.259375 0.32734375
11 0.5765625 0.4296875 0.31015625 0.309375
11 0.53828125 0.7140625 0.2859375 0.3421875
11 0.73203125 0.6703125 0.27890625 0.25703125
11 0.58671875 0.590625 0.34765625 0.23515625
11 0.62890625 0.790625 0.28046875 0.309375
11 0.41796875 0.871875 0.22890625 0.228125
11 0.403125 0.68046875 0.178125 0.275
11 0.1703125 0.6953125 0.2171875 0.2484375
11 0.28984375 0.4015625 0.2765625 0.37109375
11 0.25859375 0.44765625 0.2875 0.31953125
