16 0.15703125 0.075 0.3140625 0.15
16 0.525 0.1203125 0.34765625 0.240625
16 0.5171875 0.3453125 0.34453125 0.275
16 0.8953125 0.26875 0.209375 0.45625
16 0.54140625 0.63515625 0.60390625 0.134375
16 0.55703125 0.81328125 0.5796875 0.159375
16 0.53046875 0.97890625 0.5578125 0.0421875
16 0.06796875 0.86484375 0.1359375 0.26953125
16 0.9546875 0.81484375 0.090625 0.3359375
16 0.046875 0.37734375 0.09375 0.1234375
16 0.0203125 0.5296875 0.03984375 0.13203125
16 0.07734375 0.5 0.11796875 0.11328125
