16 0.1578125 0.0703125 0.315625 0.140625
16 0.51015625 0.11171875 0.3203125 0.2234375
16 0.503125 0.3203125 0.31640625 0.253125
16 0.87734375 0.25 0.2453125 0.4203125
16 0.525 0.58671875 0.55546875 0.1234375
16 0.5390625 0.75078125 0.53359375 0.146875
16 0.51484375 0.9421875 0.51328125 0.115625
16 0.07578125 0.8296875 0.1515625 0.3109375
16 0.93125 0.7515625 0.1375 0.309375
16 0.05703125 0.35 0.11328125 0.11328125
16 0.03203125 0.48984375 0.06328125 0.12109375
16 0.09765625 0.4625 0.10859375 0.10390625
