16 0.14453125 0.05234375 0.2890625 0.1046875
16 0.49453125 0.09609375 0.3390625 0.1921875
16 0.48671875 0.29453125 0.3359375 0.26875
16 0.87734375 0.221875 0.2453125 0.44296875
16 0.5109375 0.578125 0.5890625 0.13125
16 0.525 0.75234375 0.565625 0.15546875
16 0.5 0.946875 0.54453125 0.10625
16 0.05703125 0.83515625 0.1140625 0.3296875
16 0.934375 0.75390625 0.13046875 0.32890625
16 0.03671875 0.32578125 0.0734375 0.1203125
16 0.0109375 0.475 0.02109375 0.12890625
16 0.05703125 0.4453125 0.1140625 0.109375
