12 0.86953125 0.16953125 0.09765625 0.14375
12 0.88515625 0.27890625 0.0859375 0.125
12 0.78671875 0.2375 0.08671875 0.165625
12 0.87734375 0.85703125 0.08203125 0.13984375
12 0.1328125 0.84765625 0.08671875 0.14375
12 0.459375 0.2015625 0.0890625 0.1171875
12 0.49765625 0.29375 0.103125 0.14921875
12 0.609375 0.42265625 0.08046875 0.16328125
12 0.60390625 0.6 0.10078125 0.1375
12 0.690625 0.46640625 0.08203125 0.115625
12 0.68359375 0.5796875 0.078125 0.1234375
12 0.53984375 0.67109375 0.1046875 0.153125
12 0.55 0.76015625 0.08203125 0.12890625
12 0.61953125 0.6765625 0.0984375 0.1234375
12 0.42890625 0.75 0.103125 0.15
12 0.44921875 0.56640625 0.103125 0.140625
12 0.5328125 0.4828125 0.08671875 0.13125
12 0.41015625 0.440625 0.09140625 0.134375
12 0.390625 0.59296875 0.07890625 0.14765625
12 0.39921875 0.29609375 0.08828125 0.13359375
12 0.36015625 0.41640625 0.0859375 0.1359375
12 0.31328125 0.51796875 0.08359375 0.134375
12 0.34296875 0.628125 0.07421875 0.1
12 0.34140625 0.30546875 0.028125 0.0796875
12 0.490625 0.41328125 0.084375 0.13359375
12 0.6015625 0.24453125 0.09609375 0.13984375
12 0.52890625 0.22578125 0.04609375 0.0546875
