12 0.12734375 0.1734375 0.140625 0.140625
12 0.23359375 0.14453125 0.1421875 0.1125
12 0.2046875 0.24765625 0.15 0.15
12 0.80859375 0.08203125 0.1359375 0.134375
12 0.88984375 0.821875 0.1609375 0.115625
12 0.20859375 0.5765625 0.1296875 0.10625
12 0.2953125 0.52734375 0.140625 0.1421875
12 0.41015625 0.40078125 0.1421875 0.1421875
12 0.58671875 0.384375 0.134375 0.134375
12 0.44375 0.31484375 0.115625 0.115625
12 0.55703125 0.3078125 0.1375 0.10625
12 0.66484375 0.43984375 0.15625 0.15625
12 0.75234375 0.41875 0.1390625 0.0984375
12 0.6609375 0.36015625 0.1359375 0.1359375
12 0.75703125 0.53984375 0.16875 0.1328125
12 0.571875 0.5421875 0.140625 0.140625
12 0.47890625 0.46953125 0.125 0.125
12 0.45234375 0.59609375 0.134375 0.134375
12 0.60546875 0.596875 0.159375 0.0984375
12 0.31015625 0.625 0.125 0.125
12 0.434375 0.64921875 0.1328125 0.1328125
12 0.540625 0.6828125 0.146875 0.10625
12 0.64609375 0.640625 0.096875 0.0953125
12 0.3265625 0.68125 0.065625 0.065625
12 0.41484375 0.51953125 0.1453125 0.10625
12 0.234375 0.43046875 0.1390625 0.140625
12 0.22421875 0.5046875 0.065625 0.0578125
