12 0.90703125 0.2171875 0.1359375 0.1359375
12 0.909375 0.32734375 0.11875 0.11875
12 0.81640625 0.27421875 0.15 0.15
12 0.83125 0.9 0.1140625 0.1578125
12 0.09296875 0.8 0.11875 0.1625
12 0.49609375 0.19921875 0.1234375 0.1234375
12 0.52265625 0.2953125 0.1453125 0.1453125
12 0.61796875 0.43671875 0.1453125 0.1453125
12 0.590625 0.61171875 0.140625 0.1390625
12 0.69296875 0.48984375 0.1171875 0.115625
12 0.67265625 0.6015625 0.121875 0.1234375
12 0.51875 0.675 0.1390625 0.1765625
12 0.51796875 0.7640625 0.1265625 0.1265625
12 0.596875 0.68984375 0.1328125 0.13125
12 0.39921875 0.73984375 0.15 0.15
12 0.44140625 0.559375 0.1421875 0.1421875
12 0.534375 0.48671875 0.1328125 0.1328125
12 0.41796875 0.43046875 0.11875 0.1515625
12 0.38046875 0.57890625 0.128125 0.128125
12 0.425 0.28515625 0.10625 0.14375
12 0.37109375 0.4 0.1265625 0.1265625
12 0.3125 0.4953125 0.1125 0.1515625
12 0.32890625 0.6078125 0.1 0.1
12 0.36640625 0.2875 0.0640625 0.0640625
12 0.5015625 0.4125 0.109375 0.15
12 0.63203125 0.25859375 0.1234375 0.1578125
12 0.5625 0.23125 0.059375 0.0578125
