11 0.36875 0.63046875 0.3921875 0.4
11 0.53125 0.72109375 0.409375 0.4046875
11 0.4640625 0.42578125 0.315625 0.309375
11 0.41875 0.2453125 0.45 0.43125
11 0.2671875 0.33671875 0.484375 0.4640625
11 0.5 0.09453125 0.334375 0.1890625
11 0.21796875 0.371875 0.35 0.3359375
11 0.1734375 0.228125 0.2328125 0.2359375
11 0.31328125 0.1078125 0.2453125 0.215625
11 0.28671875 0.109375 0.2390625 0.21875
11 0.33671875 0.22578125 0.3015625 0.2890625
11 0.48359375 0.140625 0.3328125 0.28125
11 0.378125 0.03671875 0.196875 0.0734375
