11 0.43046875 0.67109375 0.3328125 0.375
11 0.615625 0.69140625 0.378125 0.35
11 0.43828125 0.4453125 0.303125 0.2546875
11 0.32578125 0.296875 0.45625 0.3328125
11 0.2328125 0.43984375 0.465625 0.3609375
11 0.31484375 0.103125 0.3015625 0.20625
11 0.190625 0.4921875 0.35 0.2625
11 0.09609375 0.3765625 0.1921875 0.21875
11 0.1703125 0.20078125 0.2265625 0.209375
11 0.14609375 0.21328125 0.2015625 0.228125
11 0.24296875 0.3109375 0.3046875 0.2234375
11 0.3375 0.1578125 0.3296875 0.253125
11 0.18203125 0.07890625 0.1640625 0.1578125
