11 0.48671875 0.684375 0.24765625 0.3140625
11 0.66875 0.64609375 0.31015625 0.2671875
11 0.42421875 0.4671875 0.25859375 0.184375
11 0.271875 0.3609375 0.40859375 0.21640625
11 0.2171875 0.5296875 0.434375 0.23828125
11 0.18828125 0.13984375 0.24375 0.228125
11 0.203125 0.58828125 0.31171875 0.17421875
11 0.075 0.509375 0.15 0.18203125
11 0.09375 0.3171875 0.1875 0.15859375
11 0.075 0.33671875 0.15 0.19140625
11 0.196875 0.4 0.271875 0.146875
11 0.23984375 0.225 0.29140625 0.17109375
11 0.06328125 0.18203125 0.11875 0.1640625
