11 0.48359375 0.11875 0.4296875 0.2375
11 0.6640625 0.1265625 0.375 0.253125
11 0.42734375 0.07109375 0.3390625 0.1421875
11 0.871875 0.33515625 0.25625 0.3671875
11 0.915625 0.46640625 0.16875 0.3796875
11 0.8203125 0.5171875 0.359375 0.4375
11 0.6703125 0.26328125 0.428125 0.4234375
11 0.33046875 0.25390625 0.5171875 0.5015625
11 0.32734375 0.13359375 0.3234375 0.2671875
11 0.59765625 0.4234375 0.51875 0.51875
11 0.4484375 0.6046875 0.5078125 0.509375
11 0.68046875 0.75546875 0.5265625 0.4890625
11 0.2046875 0.528125 0.409375 0.59375
11 0.20390625 0.540625 0.4078125 0.603125
11 0.19609375 0.3953125 0.3921875 0.4125
11 0.32578125 0.43515625 0.39375 0.3828125
11 0.38515625 0.790625 0.6203125 0.41875
11 0.0671875 0.48515625 0.134375 0.3671875
