11 0.2953125 0.42109375 0.2375 0.4203125
11 0.09296875 0.415625 0.18359375 0.4640625
11 0.12734375 0.09296875 0.25234375 0.18515625
11 0.371875 0.1140625 0.24375 0.228125
11 0.66328125 0.1140625 0.3265625 0.228125
11 0.88515625 0.04609375 0.1515625 0.0921875
11 0.95703125 0.165625 0.0859375 0.33125
11 0.9234375 0.40078125 0.14453125 0.3546875
11 0.93359375 0.65 0.13046875 0.55703125
11 0.83671875 0.82734375 0.21328125 0.34140625
11 0.7234375 0.73046875 0.36640625 0.421875
11 0.6203125 0.953125 0.16875 0.090625
11 0.40859375 0.7828125 0.2640625 0.434375
11 0.278125 0.92265625 0.259375 0.1546875
11 0.075 0.9171875 0.14375 0.165625
11 0.18984375 0.7203125 0.21015625 0.4
11 0.03359375 0.7296875 0.0671875 0.325
11 0.5015625 0.36953125 0.19765625 0.465625
11 0.75234375 0.35625 0.2484375 0.41328125
11 0.46015625 0.40234375 0.1796875 0.334375
11 0.3015625 0.28671875 0.246875 0.340625
11 0.02734375 0.1390625 0.0546875 0.278125
