11 0.159375 0.19453125 0.31875 0.3296875
11 0.3 0.0984375 0.384375 0.196875
11 0.09375 0.1984375 0.1875 0.296875
11 0.67109375 0.0921875 0.3734375 0.184375
11 0.82109375 0.1296875 0.2796875 0.259375
11 0.75859375 0.23828125 0.403125 0.3203125
11 0.43828125 0.21484375 0.3578125 0.334375
11 0.2171875 0.46171875 0.434375 0.3671875
11 0.11328125 0.36484375 0.2265625 0.2546875
11 0.5078125 0.37578125 0.4234375 0.4203125
11 0.54296875 0.60859375 0.409375 0.4171875
11 0.8109375 0.55078125 0.378125 0.4515625
11 0.26171875 0.78203125 0.4828125 0.4359375
11 0.26953125 0.78359375 0.4765625 0.4328125
11 0.20703125 0.66875 0.3890625 0.29375
11 0.3359375 0.5859375 0.3484375 0.284375
11 0.6953125 0.82578125 0.609375 0.3484375
11 0.984375 0.771875 0.03125 0.240625
11 0.13203125 0.8515625 0.2046875 0.296875
