11 0.18984375 0.14140625 0.3234375 0.2828125
11 0.365625 0.071875 0.365625 0.14375
11 0.11015625 0.13359375 0.2203125 0.26640625
11 0.73828125 0.0953125 0.34765625 0.190625
11 0.88046875 0.14921875 0.23515625 0.2984375
11 0.79609375 0.28203125 0.36640625 0.26640625
11 0.48359375 0.20859375 0.31640625 0.2890625
11 0.21328125 0.415625 0.41875 0.30546875
11 0.11875 0.303125 0.2375 0.21953125
11 0.52734375 0.37890625 0.37109375 0.36640625
11 0.52578125 0.6140625 0.35625 0.36640625
11 0.815625 0.60234375 0.35234375 0.4015625
11 0.21640625 0.765625 0.42109375 0.4234375
11 0.22265625 0.778125 0.4125 0.4421875
11 0.184375 0.62109375 0.35625 0.24140625
11 0.32421875 0.559375 0.31484375 0.2375
11 0.64296875 0.85859375 0.57734375 0.271875
11 0.96796875 0.85 0.0609375 0.23359375
11 0.07578125 0.825 0.1515625 0.35
