11 0.2859375 0.54921875 0.43125 0.48125
11 0.16015625 0.6578125 0.3203125 0.4875
11 0.059375 0.37109375 0.11875 0.2953125
11 0.178125 0.2515625 0.3296875 0.325
11 0.41953125 0.1375 0.3984375 0.275
11 0.6921875 0.0640625 0.25625 0.128125
11 0.7953125 0.184375 0.31875 0.36875
11 0.86640625 0.38125 0.2671875 0.534375
11 0.8890625 0.58203125 0.221875 0.4015625
11 0.771875 0.56640625 0.45625 0.5546875
11 0.853125 0.80859375 0.190625 0.16875
11 0.58125 0.765625 0.4625 0.46875
11 0.55234375 0.91875 0.3015625 0.1625
11 0.36640625 0.815625 0.3984375 0.36875
11 0.240625 0.89921875 0.2375 0.2015625
11 0.428125 0.390625 0.425 0.496875
11 0.628125 0.23984375 0.4375 0.4796875
11 0.4125 0.44140625 0.3359375 0.378125
11 0.21640625 0.434375 0.3953125 0.4203125
