11 0.36484375 0.3265625 0.4203125 0.4828125
11 0.19609375 0.23203125 0.3921875 0.4640625
11 0.38984375 0.0515625 0.3109375 0.103125
11 0.58828125 0.13125 0.3265625 0.2625
11 0.8203125 0.25234375 0.359375 0.3640625
11 0.97109375 0.4484375 0.0578125 0.328125
11 0.88046875 0.6328125 0.2390625 0.378125
11 0.79453125 0.7890625 0.3984375 0.421875
11 0.6203125 0.87578125 0.359375 0.2484375
11 0.571875 0.76875 0.53125 0.4625
11 0.36875 0.93359375 0.190625 0.1328125
11 0.27578125 0.6953125 0.45 0.5078125
11 0.12109375 0.746875 0.2421875 0.265625
11 0.15625 0.52890625 0.3125 0.4515625
11 0.046875 0.45625 0.09375 0.3125
11 0.56875 0.3890625 0.409375 0.5015625
11 0.78828125 0.50703125 0.4234375 0.4828125
11 0.51640625 0.39609375 0.3265625 0.3796875
11 0.43984375 0.21484375 0.3875 0.41875
11 0.2796875 0.03984375 0.190625 0.0796875
