12 0.88828125 0.17578125 0.175 0.1734375
12 0.734375 0.11796875 0.178125 0.153125
12 0.66953125 0.25 0.1421875 0.140625
12 0.7890625 0.371875 0.109375 0.109375
12 0.54140625 0.575 0.15 0.15
12 0.5578125 0.43515625 0.121875 0.121875
12 0.5203125 0.42265625 0.1109375 0.1109375
12 0.54765625 0.3515625 0.103125 0.078125
12 0.246875 0.48828125 0.1234375 0.121875
12 0.06796875 0.48359375 0.103125 0.103125
12 0.2578125 0.9015625 0.1296875 0.1171875
12 0.46171875 0.78359375 0.1359375 0.1359375
12 0.33359375 0.81484375 0.1359375 0.1359375
12 0.40078125 0.890625 0.1203125 0.1203125
12 0.0421875 0.5828125 0.084375 0.084375
12 0.17109375 0.5421875 0.09375 0.075
12 0.159375 0.07578125 0.084375 0.0671875
12 0.61484375 0.61640625 0.0890625 0.0890625
12 0.6671875 0.54609375 0.084375 0.0828125
12 0.7734375 0.8765625 0.128125 0.128125
12 0.8171875 0.74140625 0.103125 0.0828125
12 0.05703125 0.384375 0.1140625 0.1125
