9 0.25390625 0.59765625 0.10625 0.09296875
9 0.03828125 0.6171875 0.07578125 0.07265625
9 0.5515625 0.6046875 0.07265625 0.09765625
9 0.79296875 0.6109375 0.059375 0.07265625
9 0.70546875 0.65625 0.0421875 0.1015625
9 0.26328125 0.6875 0.1078125 0.09453125
9 0.8984375 0.721875 0.065625 0.07265625
9 0.978125 0.7421875 0.04375 0.1234375
9 0.08125 0.7265625 0.0875 0.0796875
9 0.60078125 0.77265625 0.09765625 0.09140625
9 0.5203125 0.778125 0.06953125 0.09453125
9 0.26640625 0.8 0.065625 0.11484375
9 0.8515625 0.84375 0.07421875 0.09609375
9 0.93515625 0.87265625 0.0640625 0.11484375
9 0.34453125 0.88359375 0.059375 0.11640625
9 0.6765625 0.8859375 0.0828125 0.103125
9 0.76640625 0.87421875 0.1015625 0.1015625
9 0.55234375 0.94453125 0.0828125 0.1109375
9 0.1265625 0.97265625 0.0671875 0.05390625
9 0.7296875 0.11171875 0.36171875 0.22265625
9 0.678125 0.34375 0.42578125 0.2328125
