12 0.45625 0.609375 0.421875 0.421875
12 0.65703125 0.83359375 0.33125 0.3328125
12 0.30078125 0.85078125 0.321875 0.29375
12 0.54453125 0.93359375 0.1671875 0.1328125
12 0.84375 0.87578125 0.240625 0.2375
12 0.1046875 0.75625 0.209375 0.26875
12 0.184375 0.4765625 0.2125 0.2765625
12 0.2921875 0.60703125 0.2359375 0.3265625
12 0.0671875 0.55703125 0.134375 0.1796875
12 0.14140625 0.2359375 0.2703125 0.3
12 0.05 0.371875 0.09375 0.1296875
12 0.7703125 0.4125 0.2703125 0.2703125
12 0.8890625 0.65859375 0.18125 0.1796875
12 0.93203125 0.584375 0.1359375 0.30625
12 0.91328125 0.884375 0.14375 0.1875
12 0.384375 0.33984375 0.1984375 0.21875
12 0.77265625 0.22421875 0.23125 0.2546875
12 0.36015625 0.15546875 0.196875 0.2140625
12 0.89921875 0.12265625 0.2015625 0.2140625
12 0.925 0.340625 0.15 0.18125
