12 0.1625 0.365625 0.0984375 0.1515625
12 0.2625 0.4875 0.1015625 0.14375
12 0.27421875 0.64453125 0.1203125 0.20078125
12 0.38359375 0.35625 0.125 0.2015625
12 0.43515625 0.2078125 0.13984375 0.2078125
12 0.32578125 0.31171875 0.06953125 0.1578125
12 0.49765625 0.42734375 0.11171875 0.221875
12 0.5640625 0.1640625 0.11953125 0.11328125
12 0.565625 0.25859375 0.13203125 0.1921875
12 0.6015625 0.46328125 0.09296875 0.18125
12 0.64453125 0.6140625 0.10859375 0.1625
12 0.634375 0.76484375 0.09140625 0.15234375
12 0.7 0.20078125 0.13359375 0.20234375
12 0.75546875 0.325 0.115625 0.2046875
12 0.66953125 0.35546875 0.1125 0.1875
12 0.9671875 0.13125 0.065625 0.1640625
12 0.89296875 0.16953125 0.11796875 0.115625
12 0.8828125 0.26328125 0.10234375 0.14140625
12 0.81796875 0.43125 0.15625 0.17421875
12 0.73046875 0.55390625 0.08671875 0.11484375
12 0.71953125 0.765625 0.11953125 0.1828125
12 0.72109375 0.8875 0.11640625 0.1234375
12 0.7828125 0.9296875 0.153125 0.140625
12 0.80234375 0.6 0.12734375 0.1890625
12 0.82109375 0.79296875 0.10625 0.18046875
12 0.88828125 0.53984375 0.1359375 0.21640625
12 0.94921875 0.35859375 0.1015625 0.190625
12 0.93125 0.88828125 0.134375 0.2234375
12 0.934375 0.72734375 0.13125 0.1875
12 0.97265625 0.54921875 0.0546875 0.20234375
