12 0.72265625 0.8828125 0.1609375 0.1625
12 0.7796875 0.7015625 0.2015625 0.1765625
12 0.70546875 0.7625 0.1515625 0.1265625
12 0.58984375 0.7578125 0.196875 0.159375
12 0.43515625 0.753125 0.15625 0.15625
12 0.2703125 0.7296875 0.19375 0.1484375
12 0.40546875 0.66484375 0.2015625 0.2015625
12 0.259375 0.65078125 0.1015625 0.0671875
12 0.16796875 0.6078125 0.1375 0.1390625
12 0.15859375 0.50390625 0.146875 0.146875
12 0.1765625 0.415625 0.175 0.13125
12 0.26328125 0.3296875 0.14375 0.1453125
12 0.47890625 0.2953125 0.1875 0.1859375
12 0.3171875 0.57890625 0.1953125 0.153125
12 0.30234375 0.46796875 0.1890625 0.1875
12 0.3640625 0.390625 0.171875 0.171875
12 0.59609375 0.3828125 0.1796875 0.1796875
12 0.503125 0.4171875 0.1390625 0.1359375
12 0.45078125 0.5046875 0.1265625 0.128125
12 0.56640625 0.534375 0.171875 0.1734375
12 0.6046875 0.62890625 0.1828125 0.159375
12 0.4625 0.59140625 0.1109375 0.1109375
12 0.72890625 0.62421875 0.13125 0.13125
12 0.728125 0.39765625 0.175 0.175
12 0.68125 0.48828125 0.15625 0.15625
12 0.84296875 0.546875 0.16875 0.14375
12 0.8171875 0.4625 0.13125 0.13125
12 0.840625 0.6359375 0.153125 0.109375
