9 0.25546875 0.653125 0.1046875 0.09140625
9 0.04140625 0.67265625 0.0765625 0.071875
9 0.54921875 0.66015625 0.071875 0.096875
9 0.7875 0.665625 0.05859375 0.071875
9 0.70078125 0.7109375 0.04140625 0.1
9 0.26484375 0.74140625 0.10703125 0.09296875
9 0.89140625 0.77578125 0.06484375 0.071875
9 0.97421875 0.79609375 0.0515625 0.121875
9 0.08515625 0.7796875 0.08671875 0.078125
9 0.59765625 0.82578125 0.096875 0.08984375
9 0.51796875 0.83046875 0.06796875 0.09296875
9 0.2671875 0.85234375 0.06484375 0.11328125
9 0.8453125 0.89609375 0.0734375 0.0953125
9 0.92734375 0.92421875 0.06328125 0.11328125
9 0.3453125 0.93515625 0.05859375 0.11484375
9 0.67265625 0.9375 0.08203125 0.1015625
9 0.7609375 0.92578125 0.1 0.1
9 0.55 0.9703125 0.08125 0.059375
9 0.725 0.1625 0.35703125 0.24140625
9 0.67421875 0.40234375 0.4203125 0.2296875
