12 0.0515625 0.52890625 0.103125 0.1609375
12 0.10546875 0.6984375 0.1015625 0.14765625
12 0.190625 0.4484375 0.0953125 0.1578125
12 0.225 0.57734375 0.109375 0.1640625
12 0.32109375 0.46328125 0.096875 0.15703125
12 0.35234375 0.66875 0.1109375 0.16640625
12 0.43984375 0.49921875 0.090625 0.16875
12 0.5171875 0.4375 0.08984375 0.1046875
12 0.6015625 0.6703125 0.11796875 0.146875
12 0.54609375 0.57578125 0.09765625 0.1734375
12 0.6078125 0.496875 0.10546875 0.1765625
12 0.72890625 0.48125 0.08984375 0.14765625
12 0.63359375 0.41328125 0.1109375 0.128125
