12 0.66796875 0.79296875 0.3 0.2265625
12 0.78125 0.68359375 0.225 0.225
12 0.890625 0.6109375 0.140625 0.140625
12 0.91171875 0.71875 0.1453125 0.1453125
12 0.6265625 0.63828125 0.1 0.1
12 0.7265625 0.55078125 0.2515625 0.2515625
12 0.53671875 0.4921875 0.2875 0.2875
12 0.521875 0.3453125 0.1796875 0.146875
12 0.30703125 0.375 0.26875 0.203125
12 0.23984375 0.2875 0.2078125 0.2078125
12 0.4625 0.72109375 0.15 0.15
12 0.10546875 0.353125 0.1390625 0.140625
12 0.7109375 0.4671875 0.11875 0.11875
12 0.334375 0.60625 0.171875 0.1671875
12 0.0859375 0.45234375 0.171875 0.2078125
12 0.4015625 0.8515625 0.1 0.1015625
12 0.4703125 0.10625 0.1 0.1
