9 0.49375 0.41875 0.1390625 0.07734375
9 0.76953125 0.609375 0.1859375 0.16796875
9 0.10390625 0.63203125 0.2078125 0.1828125
9 0.60546875 0.63671875 0.1390625 0.12578125
9 0.36171875 0.66640625 0.14609375 0.1390625
9 0.03125 0.72890625 0.06171875 0.17265625
9 0.43515625 0.796875 0.1796875 0.14765625
9 0.3109375 0.82578125 0.10234375 0.09375
9 0.715625 0.82265625 0.1375 0.12734375
9 0.88828125 0.86484375 0.2234375 0.14609375
9 0.2484375 0.11875 0.12421875 0.09921875
9 0.71640625 0.12421875 0.21640625 0.225
9 0.484375 0.33984375 0.30390625 0.29375
9 0.69296875 0.4515625 0.275 0.2046875
9 0.934375 0.6375 0.13125 0.24140625
