12 0.15703125 0.7796875 0.10703125 0.16171875
12 0.34453125 0.8078125 0.13671875 0.16953125
12 0.27265625 0.74375 0.09765625 0.1296875
12 0.259375 0.62890625 0.1140625 0.16796875
12 0.23984375 0.47578125 0.10390625 0.16640625
12 0.2375 0.309375 0.11328125 0.17265625
12 0.32265625 0.43203125 0.125 0.1953125
12 0.31328125 0.2859375 0.04375 0.08984375
12 0.34140625 0.1890625 0.10859375 0.13125
12 0.44296875 0.16328125 0.0828125 0.1515625
12 0.5328125 0.1671875 0.09765625 0.15234375
12 0.63125 0.23984375 0.0984375 0.14296875
12 0.6984375 0.446875 0.1125 0.18515625
12 0.39375 0.33203125 0.11328125 0.16953125
12 0.50078125 0.3 0.12265625 0.19375
12 0.58671875 0.3484375 0.109375 0.17421875
12 0.63046875 0.5765625 0.11328125 0.1796875
12 0.58203125 0.48984375 0.09140625 0.14609375
12 0.4875 0.45234375 0.11015625 0.10703125
12 0.4765625 0.57109375 0.12421875 0.15390625
12 0.3890625 0.6234375 0.121875 0.1546875
12 0.40390625 0.47734375 0.06015625 0.12421875
12 0.41328125 0.7453125 0.109375 0.1171875
12 0.63671875 0.709375 0.1125 0.16796875
12 0.53984375 0.67734375 0.1171875 0.15546875
12 0.50703125 0.84609375 0.11484375 0.14609375
12 0.58671875 0.80703125 0.10078125 0.1140625
12 0.41875 0.8578125 0.0734375 0.134375
