12 0.496875 0.94609375 0.16875 0.1078125
12 0.6703125 0.90703125 0.146875 0.146875
12 0.42734375 0.8046875 0.171875 0.1171875
12 0.5578125 0.7796875 0.1796875 0.1328125
12 0.45078125 0.67578125 0.15 0.15
12 0.6578125 0.659375 0.1640625 0.1640625
12 0.4953125 0.56015625 0.14375 0.14375
12 0.4390625 0.478125 0.10625 0.10625
12 0.67734375 0.4109375 0.15 0.146875
12 0.57890625 0.459375 0.159375 0.159375
12 0.5046875 0.3921875 0.1625 0.1625
12 0.496875 0.2703125 0.159375 0.109375
12 0.42265625 0.3609375 0.1421875 0.1421875
