9 0.55078125 0.5203125 0.2875 0.24765625
9 0.12578125 0.52890625 0.25078125 0.22109375
9 0.828125 0.55546875 0.2640625 0.22890625
9 0.428125 0.70859375 0.2359375 0.22109375
9 0.8140625 0.828125 0.284375 0.2609375
9 0.52109375 0.88828125 0.2453125 0.2234375
9 0.15390625 0.85625 0.22421875 0.2046875
9 0.58671875 0.2625 0.30234375 0.30078125
9 0.1140625 0.2984375 0.22734375 0.2375
9 0.82421875 0.325 0.2609375 0.25234375
9 0.378125 0.37890625 0.22265625 0.22578125
9 0.384375 0.15625 0.24765625 0.2109375
