12 0.309375 0.190625 0.16875 0.1296875
12 0.44609375 0.26796875 0.165625 0.13125
12 0.603125 0.25234375 0.2046875 0.2046875
12 0.33828125 0.41015625 0.1984375 0.1984375
12 0.20078125 0.48671875 0.221875 0.221875
12 0.284375 0.3609375 0.1453125 0.1453125
12 0.428125 0.51015625 0.19375 0.19375
12 0.18046875 0.62109375 0.1375 0.1375
12 0.2734375 0.60625 0.2015625 0.203125
12 0.48125 0.60625 0.1703125 0.1703125
12 0.6375 0.62265625 0.1828125 0.140625
12 0.784375 0.58671875 0.1421875 0.1421875
12 0.23984375 0.74921875 0.203125 0.2046875
12 0.371875 0.78203125 0.225 0.153125
12 0.38671875 0.6921875 0.1921875 0.1921875
12 0.21328125 0.9765625 0.1328125 0.046875
12 0.24296875 0.9359375 0.1421875 0.128125
12 0.33359375 0.91796875 0.1640625 0.1328125
12 0.4875 0.825 0.209375 0.1953125
12 0.59296875 0.71796875 0.125 0.125
12 0.8 0.6703125 0.1921875 0.19375
12 0.9203125 0.65078125 0.1421875 0.1421875
12 0.94296875 0.70390625 0.1140625 0.1734375
12 0.65078125 0.78046875 0.2125 0.165625
12 0.84453125 0.765625 0.1796875 0.1796875
12 0.60703125 0.87578125 0.2203125 0.2203125
12 0.434375 0.9359375 0.178125 0.128125
12 0.92265625 0.84296875 0.1546875 0.1953125
12 0.79609375 0.87734375 0.1984375 0.1828125
12 0.62890625 0.95 0.2140625 0.1
