12 0.17578125 0.11171875 0.14140625 0.20234375
12 0.11796875 0.265625 0.1421875 0.1671875
12 0.25 0.33046875 0.121875 0.15625
12 0.371875 0.2109375 0.0875 0.1109375
12 0.575 0.45859375 0.1296875 0.15546875
12 0.43515625 0.4421875 0.103125 0.11875
12 0.42265625 0.4796875 0.08515625 0.12109375
12 0.3515625 0.45234375 0.071875 0.09921875
12 0.48828125 0.753125 0.10546875 0.13671875
12 0.48359375 0.93203125 0.0765625 0.125
12 0.9015625 0.7421875 0.11640625 0.128125
12 0.78359375 0.53828125 0.12109375 0.14375
12 0.81484375 0.66640625 0.11875 0.128125
12 0.890625 0.59921875 0.1 0.1390625
12 0.58359375 0.95859375 0.07578125 0.08203125
12 0.5421875 0.82890625 0.071875 0.09140625
12 0.07578125 0.840625 0.06796875 0.084375
12 0.61640625 0.38515625 0.07734375 0.08828125
12 0.54609375 0.3328125 0.08359375 0.08359375
12 0.8765625 0.2265625 0.109375 0.12890625
12 0.74140625 0.1828125 0.075 0.09765625
12 0.38515625 0.9453125 0.103125 0.10859375
