12 0.7859375 0.16171875 0.146875 0.1484375
12 0.81015625 0.35 0.16875 0.1671875
12 0.74765625 0.2765625 0.1265625 0.1265625
12 0.6328125 0.26171875 0.15 0.1515625
12 0.48046875 0.23984375 0.146875 0.146875
12 0.3140625 0.234375 0.1765625 0.1203125
12 0.43515625 0.321875 0.1765625 0.1765625
12 0.2890625 0.309375 0.09375 0.0515625
12 0.1921875 0.3359375 0.140625 0.121875
12 0.1640625 0.43671875 0.1234375 0.1234375
12 0.16640625 0.52734375 0.13125 0.13125
12 0.2375 0.6265625 0.125 0.125
12 0.44375 0.69765625 0.1625 0.1609375
12 0.33359375 0.390625 0.159375 0.159375
12 0.3 0.49765625 0.1703125 0.1703125
12 0.346875 0.584375 0.1515625 0.1515625
12 0.57421875 0.63203125 0.15625 0.15625
12 0.48828125 0.58203125 0.1484375 0.0953125
12 0.45234375 0.48671875 0.1125 0.1140625
12 0.571875 0.478125 0.15 0.1515625
12 0.625 0.39140625 0.159375 0.1296875
12 0.47890625 0.40390625 0.103125 0.103125
12 0.746875 0.4171875 0.121875 0.121875
12 0.70703125 0.640625 0.1578125 0.159375
12 0.6765625 0.54296875 0.1515625 0.1515625
12 0.84609375 0.51328125 0.1328125 0.1328125
12 0.80546875 0.5921875 0.1171875 0.103125
12 0.859375 0.425 0.1421875 0.0921875
