9 0.8125 0.4578125 0.27109375 0.321875
9 0.8359375 0.771875 0.3109375 0.26796875
9 0.56796875 0.6484375 0.19375 0.26640625
9 0.56328125 0.43046875 0.20625 0.1796875
9 0.42890625 0.621875 0.15078125 0.20625
9 0.33125 0.45078125 0.1765625 0.24140625
9 0.16171875 0.503125 0.19375 0.22890625
9 0.8140625 0.21875 0.14296875 0.16796875
9 0.15703125 0.34375 0.16796875 0.15859375
9 0.34609375 0.25546875 0.16640625 0.2015625
9 0.4765625 0.10703125 0.115625 0.16171875
9 0.69765625 0.12265625 0.0875 0.13515625
