9 0.46328125 0.43125 0.14140625 0.078125
9 0.74296875 0.62421875 0.1890625 0.1703125
9 0.0859375 0.64765625 0.171875 0.1859375
9 0.5765625 0.65234375 0.14140625 0.128125
9 0.328125 0.6828125 0.1484375 0.14140625
9 0.01171875 0.74609375 0.0234375 0.1765625
9 0.40390625 0.815625 0.1828125 0.15
9 0.27734375 0.84453125 0.10390625 0.0953125
9 0.68828125 0.8421875 0.13984375 0.1296875
9 0.86875 0.88515625 0.23515625 0.1484375
9 0.21328125 0.1265625 0.1265625 0.10078125
9 0.6890625 0.13125 0.2203125 0.22890625
9 0.453125 0.35078125 0.30859375 0.2984375
9 0.665625 0.4640625 0.2796875 0.2078125
9 0.921875 0.653125 0.15625 0.246875
