12 0.2828125 0.24140625 0.1640625 0.1234375
12 0.58046875 0.215625 0.1890625 0.190625
12 0.50390625 0.52265625 0.2328125 0.2328125
12 0.72578125 0.5515625 0.234375 0.2078125
12 0.66171875 0.41171875 0.2328125 0.1828125
12 0.43046875 0.32265625 0.25625 0.2578125
12 0.35390625 0.415625 0.1765625 0.175
12 0.50234375 0.78515625 0.25 0.1890625
12 0.58046875 0.67109375 0.2109375 0.1546875
12 0.4203125 0.6328125 0.2203125 0.221875
12 0.303125 0.56875 0.1765625 0.1765625
12 0.26875 0.403125 0.184375 0.1859375
12 0.26953125 0.6796875 0.103125 0.103125
12 0.35078125 0.73203125 0.11875 0.1171875
