12 0.2453125 0.278125 0.1578125 0.1578125
12 0.2140625 0.575 0.1515625 0.221875
12 0.52265625 0.50390625 0.2484375 0.2484375
12 0.54765625 0.7265625 0.2265625 0.2265625
12 0.40859375 0.66015625 0.2234375 0.2234375
12 0.3234375 0.42734375 0.2671875 0.2671875
12 0.41796875 0.35234375 0.165625 0.2078125
12 0.78515625 0.50703125 0.1921875 0.253125
12 0.66953125 0.58359375 0.1734375 0.225
12 0.63359375 0.42265625 0.2328125 0.23125
12 0.57265625 0.30390625 0.1703125 0.215625
12 0.4078125 0.2671875 0.1796875 0.178125
12 0.68359375 0.27265625 0.096875 0.1171875
12 0.734375 0.3546875 0.109375 0.1546875
