12 0.61328125 0.53203125 0.4421875 0.4421875
12 0.81328125 0.31015625 0.3671875 0.259375
12 0.87578125 0.659375 0.2484375 0.353125
12 0.94296875 0.40703125 0.1140625 0.2265625
12 0.8375 0.11875 0.234375 0.2375
12 0.7984375 0.89296875 0.3578125 0.203125
12 0.509375 0.81640625 0.25 0.25
12 0.628125 0.6953125 0.265625 0.2640625
12 0.603125 0.92734375 0.1828125 0.1453125
12 0.275 0.8890625 0.315625 0.221875
12 0.41953125 0.97109375 0.2046875 0.0578125
12 0.384375 0.23984375 0.2921875 0.290625
12 0.6171875 0.09609375 0.1921875 0.1921875
12 0.53984375 0.06796875 0.3109375 0.1359375
12 0.8390625 0.059375 0.1875 0.11875
12 0.353125 0.63203125 0.2046875 0.2046875
12 0.196875 0.2578125 0.2484375 0.2484375
12 0.171875 0.675 0.2140625 0.2140625
12 0.09375 0.13125 0.1875 0.221875
12 0.296875 0.084375 0.1703125 0.15625
