12 0.33125 0.821875 0.14375 0.1421875
12 0.4625 0.73515625 0.14375 0.14375
12 0.6203125 0.73984375 0.2265625 0.1625
12 0.34453125 0.60078125 0.21875 0.1546875
12 0.20234375 0.53359375 0.1921875 0.190625
12 0.29453125 0.65390625 0.1375 0.1359375
12 0.42734375 0.49453125 0.1953125 0.1953125
12 0.17265625 0.4015625 0.1328125 0.1328125
12 0.26640625 0.409375 0.2203125 0.1734375
12 0.47421875 0.3953125 0.1515625 0.1515625
12 0.62890625 0.36796875 0.1546875 0.1546875
12 0.77734375 0.39375 0.1390625 0.1390625
12 0.2234375 0.26953125 0.1953125 0.1953125
12 0.35234375 0.22734375 0.1921875 0.19375
12 0.37421875 0.31640625 0.16875 0.16875
12 0.17890625 0.0328125 0.1296875 0.065625
12 0.2125 0.075 0.1421875 0.1421875
12 0.3046875 0.09453125 0.1578125 0.125
12 0.46484375 0.1765625 0.19375 0.1953125
12 0.57734375 0.2765625 0.128125 0.10625
12 0.7875 0.309375 0.165625 0.1671875
12 0.90859375 0.3203125 0.14375 0.1421875
12 0.934375 0.2640625 0.13125 0.171875
12 0.63125 0.209375 0.2125 0.165625
12 0.825 0.2109375 0.190625 0.125
12 0.58046875 0.11796875 0.19375 0.1953125
12 0.4046875 0.05 0.2 0.1
12 0.91171875 0.1265625 0.1765625 0.1875
12 0.76953125 0.1 0.1765625 0.1640625
12 0.59453125 0.05703125 0.1453125 0.1125
