12 0.528125 0.1640625 0.2890625 0.2109375
12 0.67734375 0.21484375 0.25625 0.178125
12 0.8078125 0.234375 0.146875 0.146875
12 0.78046875 0.128125 0.146875 0.146875
12 0.55625 0.32109375 0.09375 0.09375
12 0.68359375 0.3578125 0.26875 0.26875
12 0.53671875 0.49140625 0.321875 0.25
12 0.5859375 0.63125 0.171875 0.134375
12 0.378125 0.69453125 0.2515625 0.2515625
12 0.35390625 0.80234375 0.2171875 0.2171875
12 0.37265625 0.315625 0.1515625 0.153125
12 0.2046875 0.8 0.165625 0.1296875
12 0.70546875 0.440625 0.11875 0.11875
12 0.3046875 0.4734375 0.1796875 0.175
12 0.1328125 0.72421875 0.2171875 0.2109375
12 0.26171875 0.22265625 0.0984375 0.0984375
12 0.63984375 0.86953125 0.109375 0.0859375
