12 0.46171875 0.61171875 0.309375 0.47578125
12 0.67421875 0.825 0.22890625 0.35
12 0.32109375 0.8765625 0.33984375 0.246875
12 0.56953125 0.9515625 0.2171875 0.096875
12 0.86328125 0.85703125 0.16484375 0.28515625
12 0.08828125 0.778125 0.1765625 0.340625
12 0.18359375 0.49296875 0.1984375 0.2671875
12 0.2984375 0.61796875 0.19140625 0.2984375
12 0.0671875 0.58125 0.13359375 0.17265625
12 0.1125 0.25625 0.221875 0.2984375
12 0.025 0.3953125 0.05 0.2
12 0.765625 0.3984375 0.22109375 0.2796875
12 0.896875 0.63828125 0.1703125 0.16484375
12 0.9390625 0.56328125 0.121875 0.2984375
12 0.959375 0.8640625 0.08046875 0.27109375
12 0.37578125 0.34609375 0.1671875 0.190625
12 0.7578125 0.21015625 0.2 0.2296875
12 0.3421875 0.16328125 0.18125 0.20078125
12 0.890625 0.0984375 0.1890625 0.19609375
12 0.934375 0.31875 0.13125 0.1875
