9 0.803125 0.45546875 0.28984375 0.34375
9 0.828125 0.790625 0.33203125 0.28671875
9 0.5421875 0.65859375 0.20703125 0.284375
9 0.5375 0.42578125 0.2203125 0.19140625
9 0.39296875 0.63046875 0.1609375 0.2203125
9 0.2890625 0.44765625 0.18828125 0.2578125
9 0.10859375 0.503125 0.20703125 0.24375
9 0.80546875 0.2 0.15234375 0.1796875
9 0.103125 0.3328125 0.1796875 0.16953125
9 0.30546875 0.2390625 0.178125 0.215625
9 0.44296875 0.0828125 0.1234375 0.165625
9 0.68046875 0.09765625 0.09296875 0.14375
