9 0.4515625 0.14765625 0.29375 0.1796875
9 0.7671875 0.3109375 0.24609375 0.1578125
9 0.89765625 0.59140625 0.17578125 0.078125
9 0.44609375 0.37734375 0.1265625 0.08671875
9 0.2203125 0.73125 0.14609375 0.09609375
9 0.425 0.92109375 0.13984375 0.06328125
9 0.75390625 0.89375 0.08671875 0.0515625
9 0.778125 0.6609375 0.1296875 0.06328125
9 0.740625 0.47421875 0.22421875 0.0796875
9 0.92578125 0.34375 0.14765625 0.09609375
9 0.4625 0.5390625 0.11640625 0.09453125
9 0.2265625 0.4171875 0.11796875 0.1265625
9 0.65078125 0.96796875 0.1359375 0.0484375
