12 0.9375 0.54296875 0.125 0.1421875
12 0.8875 0.71171875 0.11875 0.1578125
12 0.8109375 0.459375 0.1015625 0.1625
12 0.771875 0.58671875 0.1484375 0.1484375
12 0.68046875 0.46953125 0.1375 0.1375
12 0.64140625 0.6734375 0.128125 0.178125
12 0.56015625 0.5015625 0.1359375 0.1359375
12 0.48515625 0.43671875 0.0984375 0.1125
12 0.3921875 0.66640625 0.14375 0.1453125
12 0.4515625 0.57421875 0.153125 0.153125
12 0.3921875 0.49296875 0.13125 0.190625
12 0.271875 0.4734375 0.1328125 0.1328125
12 0.36953125 0.40859375 0.13125 0.13125
