9 0.4125 0.12578125 0.2921875 0.178125
9 0.72578125 0.2875 0.24453125 0.15703125
9 0.85546875 0.565625 0.175 0.07734375
9 0.40703125 0.353125 0.12578125 0.0859375
9 0.18203125 0.7046875 0.1453125 0.09609375
9 0.3859375 0.89375 0.13828125 0.0625
9 0.7125 0.86640625 0.0859375 0.05078125
9 0.73671875 0.63515625 0.12890625 0.0625
9 0.7 0.45 0.22265625 0.07890625
9 0.89921875 0.3203125 0.1765625 0.09609375
9 0.4234375 0.5140625 0.115625 0.09375
9 0.1890625 0.39296875 0.1171875 0.12578125
9 0.6109375 0.93984375 0.13515625 0.04765625
