12 0.2234375 0.30625 0.11015625 0.15390625
12 0.2234375 0.6046875 0.12890625 0.209375
12 0.52265625 0.5015625 0.18359375 0.2484375
12 0.57109375 0.7203125 0.16953125 0.203125
12 0.42578125 0.66875 0.15390625 0.21171875
12 0.3171875 0.44609375 0.1890625 0.25234375
12 0.403125 0.36171875 0.1296875 0.184375
12 0.784375 0.47734375 0.15 0.225
12 0.67734375 0.565625 0.13203125 0.19765625
12 0.625 0.409375 0.15625 0.22734375
12 0.5515625 0.29765625 0.13125 0.18984375
12 0.38359375 0.278125 0.1578125 0.1671875
12 0.65859375 0.2546875 0.07890625 0.10390625
12 0.71796875 0.33125 0.07890625 0.1390625
