12 0.17890625 0.603125 0.15234375 0.25859375
12 0.26171875 0.73671875 0.128125 0.23203125
12 0.31015625 0.859375 0.09609375 0.140625
12 0.20078125 0.85703125 0.08828125 0.1328125
12 0.33828125 0.5953125 0.065625 0.0890625
12 0.403125 0.7109375 0.16328125 0.2546875
12 0.5 0.5375 0.17734375 0.27734375
12 0.646875 0.55390625 0.09921875 0.1515625
12 0.6625 0.3375 0.146875 0.23671875
12 0.76171875 0.28984375 0.121875 0.21875
12 0.29140625 0.4171875 0.10234375 0.14296875
12 0.72578125 0.14453125 0.0890625 0.14140625
12 0.48828125 0.71328125 0.06875 0.12421875
12 0.43046875 0.315625 0.13359375 0.140625
12 0.63671875 0.0875 0.15546875 0.1734375
12 0.1765625 0.33046875 0.0640625 0.09453125
12 0.89140625 0.553125 0.06328125 0.096875
