12 0.76640625 0.09375 0.1890625 0.1875
12 0.8453125 0.21484375 0.19375 0.1953125
12 0.72421875 0.29765625 0.165625 0.165625
12 0.58671875 0.19609375 0.1171875 0.1171875
12 0.4203125 0.46953125 0.1765625 0.1765625
12 0.55625 0.43359375 0.125 0.1234375
12 0.5734375 0.46875 0.128125 0.128125
12 0.640625 0.43203125 0.0875 0.109375
12 0.546875 0.74921875 0.15 0.15
12 0.5765625 0.92578125 0.121875 0.121875
12 0.1359375 0.79609375 0.1421875 0.140625
12 0.22421875 0.57734375 0.1484375 0.165625
12 0.21171875 0.70859375 0.1515625 0.1515625
12 0.12734375 0.65234375 0.15 0.15
12 0.48203125 0.95859375 0.0953125 0.0828125
12 0.50390625 0.83125 0.103125 0.103125
12 0.96015625 0.77734375 0.0796875 0.0921875
12 0.36875 0.40234375 0.09375 0.103125
12 0.43125 0.340625 0.103125 0.103125
12 0.0890625 0.28125 0.1484375 0.1484375
12 0.2171875 0.21953125 0.1046875 0.10625
12 0.67578125 0.92265625 0.1296875 0.1296875
