9 0.24296875 0.675 0.11328125 0.146875
9 0.346875 0.728125 0.0796875 0.13359375
9 0.34296875 0.59453125 0.06328125 0.09140625
9 0.44609375 0.60546875 0.06796875 0.0796875
9 0.521875 0.5359375 0.06328125 0.09296875
9 0.49140625 0.78359375 0.20859375 0.28984375
9 0.5875 0.696875 0.16640625 0.24296875
9 0.52578125 0.37421875 0.1015625 0.13359375
9 0.7109375 0.3328125 0.13828125 0.13984375
9 0.66328125 0.45 0.08203125 0.11015625
9 0.74296875 0.471875 0.10703125 0.153125
9 0.803125 0.33515625 0.08515625 0.0796875
9 0.91953125 0.3 0.04296875 0.06328125
9 0.58359375 0.53515625 0.1234375 0.146875
9 0.59765625 0.4015625 0.06015625 0.0765625
