9 0.24765625 0.6734375 0.1171875 0.1515625
9 0.35390625 0.72890625 0.0828125 0.1375
9 0.35078125 0.58984375 0.065625 0.09453125
9 0.45625 0.60234375 0.0703125 0.0828125
9 0.534375 0.5296875 0.065625 0.09609375
9 0.503125 0.78515625 0.21484375 0.29921875
9 0.60234375 0.69609375 0.171875 0.25078125
9 0.53828125 0.36328125 0.1046875 0.1375
9 0.7296875 0.3203125 0.14296875 0.14453125
9 0.68046875 0.44140625 0.084375 0.11328125
9 0.7625 0.4640625 0.11015625 0.1578125
9 0.825 0.32265625 0.0875 0.0828125
9 0.94453125 0.28671875 0.04453125 0.065625
9 0.59765625 0.52890625 0.12734375 0.1515625
9 0.6125 0.39140625 0.06171875 0.07890625
