15 0.63125 0.35 0.4359375 0.2421875
15 0.30625 0.309375 0.390625 0.209375
15 0.3546875 0.1359375 0.25234375 0.27109375
15 0.84609375 0.13203125 0.29609375 0.2203125
15 0.89140625 0.38203125 0.2078125 0.2796875
15 0.3734375 0.6734375 0.35859375 0.3015625
15 0.121875 0.134375 0.2375 0.18671875
15 0.12421875 0.6765625 0.24765625 0.24765625
15 0.70859375 0.66328125 0.33046875 0.2796875
15 0.6640625 0.2265625 0.32734375 0.12265625
15 0.15703125 0.47890625 0.309375 0.1984375
15 0.40703125 0.53671875 0.31015625 0.13125
15 0.87265625 0.83515625 0.2390625 0.31328125
15 0.55703125 0.88046875 0.409375 0.23203125
15 0.0890625 0.30703125 0.1765625 0.19140625
15 0.17734375 0.87890625 0.3546875 0.2421875
