15 0.23671875 0.24765625 0.209375 0.29921875
15 0.42109375 0.26640625 0.2140625 0.27890625
15 0.6046875 0.290625 0.17109375 0.20625
15 0.078125 0.16328125 0.15546875 0.153125
15 0.2484375 0.071875 0.178125 0.14375
15 0.10390625 0.28515625 0.203125 0.240625
15 0.50703125 0.1765625 0.1421875 0.1296875
15 0.54609375 0.09921875 0.13203125 0.1625
15 0.41015625 0.0828125 0.1375 0.13203125
15 0.084375 0.06875 0.16484375 0.1359375
15 0.821875 0.09296875 0.15 0.15
15 0.80390625 0.19375 0.13515625 0.11328125
15 0.43984375 0.59140625 0.20703125 0.16015625
15 0.65390625 0.17421875 0.13203125 0.134375
15 0.09765625 0.48046875 0.175 0.11328125
15 0.92421875 0.28671875 0.1421875 0.2046875
15 0.76015625 0.296875 0.1546875 0.190625
15 0.93125 0.61953125 0.1375 0.18828125
15 0.715625 0.11171875 0.11015625 0.1546875
15 0.76328125 0.75234375 0.175 0.15078125
15 0.22734375 0.67578125 0.2109375 0.1765625
15 0.090625 0.7828125 0.18046875 0.18125
15 0.253125 0.521875 0.20234375 0.12421875
15 0.78671875 0.62734375 0.1484375 0.14296875
15 0.625 0.6359375 0.18125 0.171875
15 0.93125 0.17109375 0.1375 0.1234375
15 0.90234375 0.9015625 0.19453125 0.18828125
15 0.47734375 0.7609375 0.2609375 0.18984375
15 0.95078125 0.09609375 0.09140625 0.07734375
15 0.2796875 0.85859375 0.24609375 0.18984375
15 0.6328125 0.46953125 0.17890625 0.1609375
15 0.46015625 0.4765625 0.14609375 0.07265625
15 0.94453125 0.44609375 0.1109375 0.1328125
15 0.91875 0.0484375 0.1234375 0.0953125
15 0.528125 0.93359375 0.225 0.12734375
15 0.66640625 0.8625 0.14921875 0.15390625
15 0.7828125 0.475 0.1609375 0.14296875
