15 0.24609375 0.60234375 0.434375 0.228125
15 0.34609375 0.7703125 0.434375 0.20625
15 0.4875 0.28203125 0.2375 0.134375
15 0.20625 0.27890625 0.396875 0.175
15 0.19453125 0.10703125 0.3890625 0.15
15 0.1859375 0.44140625 0.359375 0.15625
15 0.48046875 0.3859375 0.365625 0.1375
15 0.5890625 0.484375 0.2984375 0.128125
15 0.64296875 0.14296875 0.3140625 0.121875
15 0.6 0.7859375 0.2859375 0.140625
15 0.4796875 0.08984375 0.278125 0.165625
15 0.76328125 0.56796875 0.31875 0.1515625
15 0.46328125 0.534375 0.2625 0.16875
15 0.678125 0.24453125 0.3375 0.121875
15 0.7 0.703125 0.2421875 0.103125
15 0.55 0.63125 0.2625 0.140625
15 0.67265625 0.346875 0.190625 0.159375
15 0.815625 0.7671875 0.178125 0.1171875
15 0.421875 0.2078125 0.3125 0.1078125
15 0.775 0.440625 0.1875 0.121875
15 0.359375 0.93203125 0.49375 0.134375
15 0.93359375 0.80703125 0.1328125 0.1234375
15 0.628125 0.93515625 0.315625 0.1296875
