15 0.6640625 0.30234375 0.1109375 0.2453125
15 0.45859375 0.3671875 0.1390625 0.14765625
15 0.7703125 0.48984375 0.1828125 0.1609375
15 0.346875 0.79765625 0.11875 0.14375
15 0.3671875 0.27734375 0.16640625 0.15546875
15 0.51875 0.5890625 0.1140625 0.1515625
15 0.5125 0.734375 0.12578125 0.2328125
15 0.725 0.6359375 0.15703125 0.1890625
15 0.31953125 0.41875 0.1671875 0.1453125
15 0.57421875 0.40546875 0.0984375 0.20703125
15 0.5765625 0.19921875 0.11015625 0.2171875
15 0.63125 0.70390625 0.1203125 0.2578125
15 0.75703125 0.33203125 0.13046875 0.17890625
15 0.46953125 0.21796875 0.1375 0.1703125
15 0.33828125 0.56875 0.16796875 0.17734375
15 0.3984375 0.68828125 0.14921875 0.2140625
