15 0.503125 0.38515625 0.125 0.30546875
15 0.25546875 0.0953125 0.1203125 0.190625
15 0.2390625 0.259375 0.11796875 0.14375
15 0.6140625 0.16484375 0.165625 0.1234375
15 0.07578125 0.0796875 0.1515625 0.15859375
15 0.34140625 0.20703125 0.10546875 0.16875
15 0.11796875 0.56484375 0.15390625 0.3390625
15 0.53125 0.05078125 0.11484375 0.1015625
15 0.39765625 0.08515625 0.125 0.1703125
15 0.8546875 0.41171875 0.1359375 0.1453125
15 0.7640625 0.09140625 0.13671875 0.17265625
15 0.91796875 0.11640625 0.1640625 0.165625
15 0.096875 0.234375 0.1921875 0.14609375
15 0.209375 0.41796875 0.20390625 0.2203125
15 0.4703125 0.178125 0.1421875 0.16640625
15 0.68125 0.6484375 0.13203125 0.33828125
15 0.759375 0.45859375 0.134375 0.28046875
15 0.63359375 0.4625 0.121875 0.22421875
15 0.24921875 0.6 0.11328125 0.33046875
15 0.35625 0.603125 0.13671875 0.3328125
15 0.79453125 0.70078125 0.09609375 0.225
15 0.94453125 0.5546875 0.1046875 0.30625
15 0.91328125 0.2890625 0.16796875 0.2203125
15 0.7546875 0.278125 0.1296875 0.165625
15 0.08671875 0.3375 0.1703125 0.1484375
15 0.403125 0.8890625 0.15078125 0.221875
15 0.7703125 0.8890625 0.15625 0.221875
15 0.909375 0.85078125 0.18125 0.2984375
15 0.2984375 0.88515625 0.1625 0.2296875
