15 0.496875 0.61484375 0.125 0.30625
15 0.74453125 0.9046875 0.1203125 0.190625
15 0.7609375 0.740625 0.11875 0.14375
15 0.3859375 0.83515625 0.165625 0.1234375
15 0.92421875 0.9203125 0.1515625 0.159375
15 0.65859375 0.79296875 0.10625 0.16875
15 0.88203125 0.43515625 0.153125 0.3390625
15 0.46875 0.94921875 0.115625 0.1015625
15 0.60234375 0.91484375 0.125 0.1703125
15 0.1453125 0.58828125 0.1359375 0.1453125
15 0.2359375 0.90859375 0.1375 0.171875
15 0.08203125 0.88359375 0.1640625 0.165625
15 0.903125 0.765625 0.1921875 0.146875
15 0.790625 0.58203125 0.203125 0.2203125
15 0.5296875 0.821875 0.1421875 0.165625
15 0.31875 0.3515625 0.1328125 0.3375
15 0.240625 0.54140625 0.134375 0.28125
15 0.36640625 0.5375 0.121875 0.225
15 0.75078125 0.4 0.1125 0.33125
15 0.64375 0.396875 0.1375 0.3328125
15 0.20546875 0.29921875 0.096875 0.225
15 0.05546875 0.4453125 0.1046875 0.30625
15 0.08671875 0.7109375 0.16875 0.2203125
15 0.2453125 0.721875 0.1296875 0.165625
15 0.91328125 0.6625 0.1703125 0.1484375
15 0.596875 0.1109375 0.1515625 0.221875
15 0.2296875 0.1109375 0.15625 0.221875
15 0.090625 0.14921875 0.18125 0.2984375
15 0.7015625 0.11484375 0.1625 0.2296875
