15 0.51875 0.57421875 0.08203125 0.11953125
15 0.3015625 0.69375 0.065625 0.11171875
15 0.803125 0.503125 0.0734375 0.10078125
15 0.3984375 0.54453125 0.09296875 0.0984375
15 0.6703125 0.5296875 0.0703125 0.0984375
15 0.31953125 0.49921875 0.0703125 0.08359375
15 0.740625 0.52109375 0.0734375 0.10625
15 0.6359375 0.73125 0.08515625 0.1125
15 0.209375 0.60546875 0.0828125 0.14140625
15 0.284375 0.5984375 0.071875 0.14453125
15 0.85390625 0.58203125 0.078125 0.1078125
15 0.7953125 0.60234375 0.0765625 0.10234375
15 0.590625 0.55078125 0.0921875 0.11484375
15 0.66328125 0.63359375 0.0859375 0.109375
15 0.73203125 0.62109375 0.08203125 0.1078125
15 0.371875 0.70625 0.06953125 0.10546875
15 0.24921875 0.503125 0.0703125 0.0921875
15 0.83984375 0.678125 0.06875 0.10078125
15 0.4953125 0.6734375 0.08828125 0.11953125
15 0.71171875 0.71640625 0.07109375 0.1078125
15 0.47890625 0.78359375 0.09375 0.1328125
15 0.58046875 0.65390625 0.08359375 0.11640625
15 0.33515625 0.8015625 0.06796875 0.1078125
15 0.640625 0.48984375 0.0765625 0.08046875
15 0.34609375 0.59375 0.06015625 0.11171875
15 0.40390625 0.79453125 0.06796875 0.11328125
15 0.9015625 0.66015625 0.06875 0.1015625
15 0.55390625 0.7546875 0.0765625 0.1140625
15 0.2640625 0.78515625 0.07578125 0.12578125
15 0.77578125 0.6984375 0.07109375 0.10546875
