15 0.76328125 0.75234375 0.209375 0.3
15 0.57890625 0.73359375 0.2140625 0.278125
15 0.3953125 0.709375 0.171875 0.20625
15 0.921875 0.83671875 0.15625 0.153125
15 0.7515625 0.928125 0.178125 0.14375
15 0.89609375 0.71484375 0.203125 0.240625
15 0.49296875 0.8234375 0.1421875 0.1296875
15 0.45390625 0.90078125 0.1328125 0.1625
15 0.58984375 0.9171875 0.1375 0.13125
15 0.915625 0.93125 0.165625 0.1359375
15 0.178125 0.90703125 0.15 0.15
15 0.19609375 0.80625 0.1359375 0.1125
15 0.56015625 0.40859375 0.20625 0.159375
15 0.34609375 0.82578125 0.1328125 0.134375
15 0.90234375 0.51953125 0.175 0.1140625
15 0.07578125 0.71328125 0.1421875 0.2046875
15 0.23984375 0.703125 0.1546875 0.190625
15 0.06875 0.38046875 0.1375 0.1890625
15 0.284375 0.88828125 0.109375 0.1546875
15 0.23671875 0.24765625 0.175 0.15
15 0.77265625 0.32421875 0.2109375 0.1765625
15 0.909375 0.2171875 0.18125 0.18125
15 0.746875 0.478125 0.203125 0.125
15 0.21328125 0.37265625 0.1484375 0.14375
15 0.375 0.3640625 0.18125 0.171875
15 0.06875 0.82890625 0.1375 0.1234375
15 0.09765625 0.0984375 0.1953125 0.1890625
15 0.52265625 0.2390625 0.2609375 0.190625
15 0.04921875 0.90390625 0.0921875 0.078125
15 0.7203125 0.14140625 0.246875 0.190625
15 0.3671875 0.53046875 0.178125 0.1609375
15 0.53984375 0.5234375 0.146875 0.071875
15 0.05546875 0.55390625 0.1109375 0.1328125
15 0.08125 0.9515625 0.1234375 0.0953125
15 0.471875 0.06640625 0.225 0.128125
15 0.33359375 0.1375 0.15 0.153125
15 0.2171875 0.525 0.1609375 0.14375
