15 0.73671875 0.33203125 0.171875 0.2921875
15 0.8109375 0.11328125 0.1796875 0.2265625
15 0.9203125 0.27109375 0.1578125 0.396875
15 0.640625 0.121875 0.15625 0.2421875
15 0.49296875 0.1046875 0.153125 0.20859375
15 0.284375 0.14375 0.14921875 0.28671875
15 0.8796875 0.6953125 0.22890625 0.5421875
15 0.1265625 0.1453125 0.16640625 0.290625
15 0.5734375 0.29765625 0.209375 0.33203125
15 0.06171875 0.3953125 0.1234375 0.3875
15 0.1515625 0.72265625 0.17890625 0.5078125
15 0.6671875 0.703125 0.215625 0.53984375
15 0.5015625 0.59765625 0.1703125 0.32578125
15 0.41640625 0.7375 0.33125 0.40078125
15 0.37734375 0.35234375 0.17578125 0.4125
15 0.203125 0.3953125 0.1734375 0.4125
