15 0.25859375 0.540625 0.38828125 0.4140625
15 0.596875 0.46484375 0.259375 0.3046875
15 0.85703125 0.44609375 0.27421875 0.24140625
15 0.68984375 0.77578125 0.52890625 0.30390625
15 0.52109375 0.28046875 0.22734375 0.246875
15 0.3296875 0.265625 0.1640625 0.2078125
15 0.08203125 0.40234375 0.16328125 0.36640625
15 0.1390625 0.34609375 0.1390625 0.209375
15 0.24921875 0.8125 0.4046875 0.23046875
15 0.78671875 0.35546875 0.18828125 0.1921875
15 0.20546875 0.403125 0.10625 0.14765625
15 0.93671875 0.27734375 0.1234375 0.18203125
15 0.81875 0.71875 0.3625 0.409375
