15 0.734375 0.89296875 0.265625 0.209375
15 0.73828125 0.11875 0.2984375 0.18125
15 0.84609375 0.59375 0.30625 0.1578125
15 0.06171875 0.1921875 0.121875 0.175
15 0.871875 0.2546875 0.25 0.171875
15 0.08671875 0.70859375 0.1734375 0.178125
15 0.3453125 0.70234375 0.2109375 0.221875
15 0.1203125 0.87421875 0.240625 0.1296875
15 0.55234375 0.80546875 0.246875 0.25
15 0.1625 0.19375 0.1890625 0.14375
15 0.8046875 0.4265625 0.38125 0.171875
15 0.6140625 0.2390625 0.30625 0.18125
15 0.46171875 0.08515625 0.246875 0.159375
15 0.20078125 0.43984375 0.21875 0.1578125
15 0.3421875 0.89140625 0.2625 0.15625
15 0.7046875 0.69296875 0.2640625 0.159375
15 0.36875 0.22734375 0.240625 0.1703125
15 0.93046875 0.11015625 0.128125 0.20625
15 0.21328125 0.65390625 0.1765625 0.2171875
15 0.90625 0.7578125 0.18125 0.290625
15 0.4890625 0.40078125 0.303125 0.203125
15 0.47109375 0.940625 0.2625 0.115625
15 0.39375 0.54140625 0.2375 0.178125
15 0.05625 0.40703125 0.1125 0.171875
