15 0.80546875 0.6734375 0.38125 0.5015625
15 0.0953125 0.52578125 0.1890625 0.621875
15 0.425 0.6 0.21640625 0.565625
15 0.6046875 0.7890625 0.184375 0.228125
15 0.8953125 0.42734375 0.165625 0.353125
15 0.24765625 0.69609375 0.15234375 0.2765625
15 0.0921875 0.13515625 0.14453125 0.18046875
15 0.53046875 0.14375 0.12109375 0.203125
15 0.2265625 0.13125 0.1453125 0.23359375
15 0.29765625 0.4203125 0.140625 0.40859375
15 0.7296875 0.38203125 0.14375 0.159375
15 0.32578125 0.15703125 0.12421875 0.15859375
15 0.575 0.50625 0.15703125 0.46171875
15 0.18515625 0.04453125 0.08515625 0.08828125
15 0.71171875 0.27265625 0.1578125 0.1984375
15 0.41953125 0.2765625 0.1046875 0.11640625
15 0.35234375 0.04140625 0.10546875 0.0796875
