15 0.90390625 0.6359375 0.18359375 0.31171875
15 0.69453125 0.4609375 0.17109375 0.24453125
15 0.1609375 0.81484375 0.26015625 0.34921875
15 0.81640625 0.7859375 0.13046875 0.2859375
15 0.646875 0.8203125 0.2953125 0.3375
15 0.078125 0.68359375 0.146875 0.33671875
15 0.4 0.5359375 0.13046875 0.23046875
15 0.509375 0.67109375 0.25078125 0.36953125
15 0.27265625 0.69296875 0.21171875 0.2640625
15 0.3921875 0.8265625 0.24609375 0.32890625
15 0.6984375 0.60234375 0.1578125 0.15703125
15 0.88203125 0.4484375 0.15703125 0.2296875
15 0.11640625 0.49453125 0.165625 0.23515625
15 0.30234375 0.2359375 0.0859375 0.13359375
15 0.46015625 0.19453125 0.08203125 0.14921875
15 0.40625 0.22734375 0.10234375 0.14765625
15 0.95859375 0.315625 0.071875 0.2046875
15 0.61328125 0.29609375 0.11875 0.15546875
15 0.2484375 0.49453125 0.2109375 0.33359375
15 0.54609375 0.45546875 0.14375 0.19296875
15 0.809375 0.54296875 0.14453125 0.21796875
15 0.409375 0.38671875 0.134375 0.184375
15 0.13671875 0.253125 0.1109375 0.1015625
15 0.86015625 0.0703125 0.0484375 0.06953125
15 0.26015625 0.28125 0.10390625 0.11171875
15 0.790625 0.2671875 0.14453125 0.17578125
15 0.3296875 0.15234375 0.0671875 0.0859375
15 0.51953125 0.24453125 0.1171875 0.13046875
15 0.76796875 0.05859375 0.06328125 0.071875
15 0.6359375 0.08046875 0.0671875 0.0875
15 0.384375 0.30859375 0.1015625 0.11640625
15 0.284375 0.34921875 0.11484375 0.08125
15 0.5125 0.3734375 0.11171875 0.17734375
15 0.53046875 0.11015625 0.07890625 0.11640625
15 0.70703125 0.05546875 0.06171875 0.0734375
15 0.81484375 0.046875 0.059375 0.07578125
15 0.909375 0.134375 0.08203125 0.10390625
15 0.55078125 0.171875 0.0828125 0.12578125
15 0.784375 0.37109375 0.103125 0.17109375
15 0.721875 0.18828125 0.08515625 0.1296875
