15 0.77734375 0.3953125 0.203125 0.4015625
15 0.2875 0.64921875 0.221875 0.390625
15 0.49765625 0.59140625 0.215625 0.4140625
15 0.3609375 0.871875 0.16953125 0.24453125
15 0.10234375 0.53515625 0.1984375 0.58203125
15 0.15703125 0.86640625 0.2109375 0.2625
15 0.325 0.221875 0.16640625 0.44375
15 0.13359375 0.18515625 0.15390625 0.36484375
15 0.4703125 0.77265625 0.1296875 0.21015625
15 0.784375 0.75859375 0.3296875 0.29609375
15 0.91640625 0.1484375 0.15390625 0.296875
15 0.65625 0.16953125 0.178125 0.3390625
15 0.903125 0.9125 0.1875 0.16640625
15 0.45859375 0.21953125 0.1828125 0.428125
15 0.946875 0.6953125 0.1 0.36171875
15 0.56015625 0.92265625 0.20859375 0.15234375
