15 0.4875 0.8375 0.10625 0.075
15 0.6421875 0.0578125 0.0734375 0.0875
15 0.57421875 0.8171875 0.0828125 0.059375
15 0.56796875 0.90078125 0.090625 0.0703125
15 0.48203125 0.91484375 0.090625 0.0890625
15 0.52578125 0.0734375 0.090625 0.071875
15 0.5796875 0.70703125 0.090625 0.065625
15 0.6890625 0.746875 0.071875 0.05625
15 0.48984375 0.97109375 0.084375 0.0578125
15 0.67421875 0.91640625 0.0625 0.096875
15 0.66953125 0.84375 0.059375 0.046875
15 0.51953125 0.18046875 0.1 0.071875
15 0.609375 0.84140625 0.0828125 0.0546875
15 0.47578125 0.35 0.109375 0.0546875
15 0.48828125 0.76484375 0.090625 0.071875
15 0.55703125 0.76171875 0.071875 0.0609375
15 0.728125 0.1359375 0.0609375 0.084375
15 0.6875 0.13359375 0.075 0.071875
15 0.565625 0.95390625 0.078125 0.0625
15 0.57265625 0.3453125 0.090625 0.0671875
15 0.78125 0.21875 0.04375 0.08125
15 0.76953125 0.86640625 0.040625 0.078125
15 0.746875 0.2359375 0.0453125 0.0765625
15 0.73984375 0.88125 0.05 0.0703125
15 0.5609375 0.63203125 0.096875 0.0625
15 0.5140625 0.13125 0.103125 0.071875
15 0.48203125 0.69375 0.103125 0.0609375
15 0.515625 0.28359375 0.09375 0.071875
15 0.72890625 0.67734375 0.065625 0.0421875
15 0.603125 0.209375 0.09375 0.071875
15 0.6203125 0.125 0.08125 0.0671875
15 0.53125 0.3875 0.09375 0.0515625
15 0.62734375 0.27734375 0.090625 0.0640625
15 0.59140625 0.97578125 0.084375 0.0484375
15 0.765625 0.29609375 0.046875 0.084375
15 0.69765625 0.871875 0.0375 0.0671875
15 0.67421875 0.7015625 0.08125 0.0625
15 0.55625 0.246875 0.0828125 0.065625
15 0.771875 0.11328125 0.05 0.071875
15 0.45859375 0.22109375 0.115625 0.071875
15 0.69296875 0.19296875 0.05625 0.0625
15 0.6640625 0.42109375 0.075 0.0515625
15 0.75234375 0.7625 0.059375 0.040625
15 0.63984375 0.7859375 0.078125 0.065625
15 0.66796875 0.6046875 0.059375 0.0484375
15 0.62109375 0.371875 0.090625 0.0546875
15 0.5015625 0.49453125 0.090625 0.0578125
15 0.534375 0.0296875 0.0734375 0.05625
15 0.7015625 0.79375 0.0578125 0.04375
15 0.64453125 0.50078125 0.078125 0.05
15 0.73046875 0.3734375 0.0625 0.0484375
15 0.7953125 0.32734375 0.046875 0.0515625
15 0.70234375 0.64140625 0.071875 0.05625
15 0.5 0.5765625 0.109375 0.065625
15 0.65703125 0.33203125 0.071875 0.0546875
15 0.5796875 0.5421875 0.0828125 0.053125
15 0.6328125 0.4609375 0.08125 0.046875
15 0.6140625 0.753125 0.0734375 0.0640625
15 0.5921875 0.06796875 0.065625 0.0625
15 0.8328125 0.19921875 0.0578125 0.0359375
15 0.46484375 0.63671875 0.0875 0.05625
15 0.7265625 0.03671875 0.0625 0.059375
15 0.74921875 0.06953125 0.046875 0.065625
15 0.61328125 0.6609375 0.075 0.05
15 0.509375 0.44375 0.0734375 0.05
15 0.72734375 0.428125 0.059375 0.046875
15 0.80390625 0.240625 0.04375 0.065625
15 0.58515625 0.4234375 0.078125 0.0515625
15 0.58828125 0.490625 0.065625 0.05
15 0.72734375 0.47578125 0.0578125 0.040625
15 0.6609375 0.22578125 0.059375 0.0625
15 0.79609375 0.178125 0.04375 0.05625
15 0.7640625 0.55234375 0.059375 0.034375
