15 0.6671875 0.53125 0.4140625 0.3640625
15 0.321875 0.853125 0.20625 0.1921875
15 0.49921875 0.40546875 0.275 0.3078125
15 0.3578125 0.27578125 0.23125 0.31875
15 0.85 0.2375 0.3 0.3015625
15 0.80546875 0.88515625 0.3875 0.2296875
15 0.50625 0.93984375 0.175 0.1203125
15 0.103125 0.9046875 0.1609375 0.190625
15 0.22421875 0.753125 0.171875 0.178125
15 0.06484375 0.7796875 0.128125 0.175
15 0.62734375 0.18046875 0.278125 0.196875
15 0.2890625 0.56328125 0.140625 0.20625
15 0.08671875 0.42890625 0.115625 0.109375
15 0.3703125 0.0625 0.228125 0.125
