15 0.48125 0.42578125 0.08125 0.11875
15 0.6984375 0.30625 0.065625 0.1125
15 0.196875 0.496875 0.0734375 0.1
15 0.6015625 0.45546875 0.09375 0.0984375
15 0.3296875 0.4703125 0.0703125 0.0984375
15 0.68046875 0.50078125 0.0703125 0.084375
15 0.259375 0.47890625 0.0734375 0.10625
15 0.3640625 0.26875 0.0859375 0.1125
15 0.790625 0.39453125 0.0828125 0.140625
15 0.715625 0.4015625 0.071875 0.14375
15 0.14609375 0.41796875 0.078125 0.1078125
15 0.2046875 0.39765625 0.0765625 0.103125
15 0.409375 0.44921875 0.0921875 0.115625
15 0.33671875 0.36640625 0.0859375 0.109375
15 0.26796875 0.37890625 0.08125 0.1078125
15 0.628125 0.29375 0.06875 0.10625
15 0.75078125 0.496875 0.0703125 0.0921875
15 0.16015625 0.321875 0.06875 0.1015625
15 0.5046875 0.3265625 0.0875 0.11875
15 0.28828125 0.28359375 0.071875 0.1078125
15 0.52109375 0.21640625 0.09375 0.1328125
15 0.41953125 0.34609375 0.084375 0.115625
15 0.66484375 0.1984375 0.06875 0.1078125
15 0.359375 0.51015625 0.0765625 0.08125
15 0.65390625 0.40625 0.059375 0.1125
15 0.59609375 0.20546875 0.06875 0.1125
15 0.0984375 0.33984375 0.06875 0.1015625
15 0.44609375 0.2453125 0.0765625 0.1140625
15 0.7359375 0.21484375 0.075 0.125
15 0.22421875 0.3015625 0.071875 0.10625
