15 0.57421875 0.58359375 0.2140625 0.46875
15 0.73203125 0.57890625 0.190625 0.396875
15 0.878125 0.56015625 0.24375 0.4140625
15 0.66328125 0.2125 0.16875 0.23125
15 0.284375 0.20859375 0.20625 0.2765625
15 0.10859375 0.23671875 0.2015625 0.2640625
15 0.2 0.56796875 0.2125 0.3875
15 0.07890625 0.58359375 0.1578125 0.3953125
15 0.38828125 0.5734375 0.159375 0.4125
15 0.88671875 0.1453125 0.2265625 0.290625
15 0.4 0.796875 0.1421875 0.3453125
15 0.915625 0.828125 0.16875 0.309375
15 0.48203125 0.20390625 0.18125 0.265625
15 0.57421875 0.078125 0.21875 0.15625
15 0.2140625 0.7625 0.1796875 0.2375
15 0.09921875 0.0765625 0.1984375 0.1515625
15 0.56484375 0.84140625 0.14375 0.1875
15 0.81328125 0.82109375 0.115625 0.23125
15 0.17421875 0.93125 0.1484375 0.1375
15 0.7453125 0.7765625 0.15625 0.1734375
15 0.63515625 0.8875 0.134375 0.225
15 0.80546875 0.06484375 0.234375 0.1296875
15 0.31640625 0.06484375 0.234375 0.1234375
15 0.06640625 0.859375 0.1328125 0.2015625
