15 0.846875 0.66484375 0.28125 0.1375
15 0.62109375 0.18203125 0.2609375 0.17890625
15 0.71875 0.346875 0.2484375 0.16796875
15 0.13515625 0.5609375 0.265625 0.18125
15 0.2390625 0.390625 0.246875 0.19375
15 0.4203125 0.85546875 0.25546875 0.20625
15 0.290625 0.70625 0.221875 0.1671875
15 0.646875 0.50625 0.265625 0.16015625
15 0.640625 0.79140625 0.325 0.1640625
15 0.484375 0.6140625 0.21328125 0.14765625
15 0.85703125 0.81953125 0.26875 0.159375
15 0.496875 0.36953125 0.26171875 0.22578125
15 0.16953125 0.89609375 0.25 0.18359375
15 0.4765625 0.0828125 0.24921875 0.16328125
15 0.38671875 0.22265625 0.22578125 0.19140625
15 0.859375 0.5203125 0.271875 0.15625
15 0.63984375 0.64375 0.23359375 0.1234375
15 0.0921875 0.7484375 0.17890625 0.234375
15 0.81484375 0.20859375 0.2234375 0.16640625
15 0.70625 0.93828125 0.16484375 0.12109375
15 0.34921875 0.53984375 0.2109375 0.1578125
15 0.88125 0.0796875 0.225 0.14140625
15 0.14375 0.146875 0.28671875 0.28828125
15 0.8734375 0.9484375 0.19375 0.0984375
