15 0.60234375 0.75390625 0.22890625 0.434375
15 0.7703125 0.65390625 0.20546875 0.43515625
15 0.28203125 0.5125 0.13515625 0.23671875
15 0.27890625 0.79375 0.17578125 0.39609375
15 0.10703125 0.80546875 0.15 0.3890625
15 0.44140625 0.8140625 0.15625 0.359375
15 0.3859375 0.51953125 0.13828125 0.36640625
15 0.484375 0.4109375 0.128125 0.2984375
15 0.14296875 0.35703125 0.12265625 0.3140625
15 0.7859375 0.4 0.13984375 0.2859375
15 0.08984375 0.5203125 0.165625 0.27890625
15 0.56796875 0.23671875 0.15078125 0.31796875
15 0.534375 0.53671875 0.16796875 0.26171875
15 0.24453125 0.321875 0.12109375 0.33671875
15 0.703125 0.3 0.10390625 0.2421875
15 0.63125 0.45 0.140625 0.2625
15 0.346875 0.32734375 0.159375 0.18984375
15 0.7671875 0.184375 0.11640625 0.17890625
15 0.2078125 0.578125 0.1078125 0.3125
15 0.440625 0.225 0.12109375 0.18671875
15 0.93203125 0.640625 0.13359375 0.49296875
15 0.80703125 0.06640625 0.1234375 0.1328125
15 0.93515625 0.371875 0.1296875 0.31640625
