15 0.18359375 0.85859375 0.159375 0.253125
15 0.3546875 0.63984375 0.121875 0.21875
15 0.1078125 0.1671875 0.1828125 0.2375
15 0.20859375 0.66171875 0.1625 0.278125
15 0.33046875 0.85078125 0.134375 0.2640625
15 0.77734375 0.384375 0.190625 0.21875
15 0.49375 0.64765625 0.159375 0.265625
15 0.4796875 0.865625 0.159375 0.253125
15 0.29140625 0.2921875 0.1703125 0.2171875
15 0.796875 0.8265625 0.1625 0.19375
15 0.63359375 0.50078125 0.2265625 0.25
15 0.92109375 0.90234375 0.140625 0.184375
15 0.3875 0.48828125 0.1453125 0.1984375
15 0.25078125 0.08984375 0.225 0.171875
15 0.940625 0.74140625 0.1171875 0.26875
15 0.06171875 0.7125 0.1171875 0.15
15 0.92265625 0.48125 0.153125 0.23125
15 0.05390625 0.86640625 0.1015625 0.1875
15 0.4390625 0.14375 0.18125 0.240625
15 0.0671875 0.53515625 0.1265625 0.225
15 0.4671875 0.365625 0.1515625 0.1953125
15 0.8203125 0.6265625 0.18125 0.253125
15 0.65546875 0.725 0.171875 0.234375
15 0.82890625 0.14140625 0.315625 0.28125
15 0.6078125 0.24296875 0.2 0.24375
15 0.14296875 0.4234375 0.209375 0.25
15 0.61328125 0.0578125 0.221875 0.1125
