15 0.1765625 0.559375 0.16171875 0.19765625
15 0.33984375 0.6765625 0.209375 0.26953125
15 0.365625 0.421875 0.178125 0.16484375
15 0.28984375 0.4703125 0.1140625 0.13671875
15 0.55703125 0.428125 0.21484375 0.28046875
15 0.4609375 0.60625 0.15234375 0.19453125
15 0.18125 0.44453125 0.11171875 0.07421875
15 0.7234375 0.7015625 0.365625 0.4
15 0.58125 0.79765625 0.2703125 0.253125
15 0.69921875 0.434375 0.12109375 0.153125
15 0.66640625 0.30390625 0.16171875 0.13046875
15 0.825 0.56640625 0.16171875 0.15390625
