15 0.65390625 0.15859375 0.2875 0.140625
15 0.29609375 0.1390625 0.275 0.14375
15 0.30078125 0.63671875 0.2890625 0.115625
15 0.53671875 0.9015625 0.153125 0.134375
15 0.5578125 0.0546875 0.246875 0.1078125
15 0.60625 0.4125 0.271875 0.1359375
15 0.58125 0.56875 0.253125 0.09375
15 0.10625 0.078125 0.2 0.13125
15 0.31328125 0.3921875 0.225 0.11875
15 0.3109375 0.2515625 0.2875 0.121875
15 0.5171875 0.78359375 0.1875 0.08125
15 0.5859375 0.68203125 0.29375 0.13125
15 0.309375 0.87421875 0.3328125 0.0890625
15 0.3359375 0.953125 0.3296875 0.0921875
15 0.27734375 0.77890625 0.303125 0.1203125
