15 0.19453125 0.3265625 0.38125 0.5015625
15 0.9046875 0.47421875 0.1890625 0.621875
15 0.575 0.4 0.2171875 0.565625
15 0.3953125 0.2109375 0.184375 0.228125
15 0.1046875 0.57265625 0.165625 0.353125
15 0.75234375 0.30390625 0.153125 0.2765625
15 0.9078125 0.86484375 0.14375 0.18125
15 0.46953125 0.85625 0.121875 0.203125
15 0.7734375 0.86875 0.1453125 0.234375
15 0.70234375 0.5796875 0.140625 0.409375
15 0.2703125 0.61796875 0.14375 0.159375
15 0.67421875 0.84296875 0.125 0.159375
15 0.425 0.49375 0.1578125 0.4625
15 0.81484375 0.95546875 0.084375 0.0875
15 0.28828125 0.72734375 0.1578125 0.1984375
15 0.58046875 0.7234375 0.1046875 0.115625
15 0.64765625 0.95859375 0.10625 0.0796875
