15 0.74140625 0.459375 0.3875 0.4140625
15 0.403125 0.53515625 0.259375 0.3046875
15 0.14296875 0.55390625 0.275 0.2421875
15 0.31015625 0.22421875 0.5296875 0.3046875
15 0.47890625 0.71953125 0.228125 0.246875
15 0.6703125 0.734375 0.1640625 0.2078125
15 0.91796875 0.59765625 0.1625 0.3671875
15 0.8609375 0.65390625 0.1390625 0.209375
15 0.75078125 0.1875 0.4046875 0.23125
15 0.21328125 0.64453125 0.1890625 0.1921875
15 0.79453125 0.596875 0.10625 0.146875
15 0.06328125 0.72265625 0.1234375 0.18125
15 0.18125 0.28125 0.3625 0.409375
