15 0.71015625 0.45859375 0.125 0.178125
15 0.79140625 0.68515625 0.159375 0.228125
15 0.66015625 0.2640625 0.10625 0.178125
15 0.575 0.69375 0.078125 0.2203125
15 0.915625 0.68828125 0.153125 0.221875
15 0.80859375 0.415625 0.1859375 0.18125
15 0.490625 0.20859375 0.140625 0.1625
15 0.15546875 0.40703125 0.184375 0.178125
15 0.409375 0.25078125 0.103125 0.184375
15 0.25625 0.459375 0.0890625 0.16875
15 0.7734375 0.278125 0.103125 0.103125
15 0.546875 0.45625 0.096875 0.184375
15 0.9421875 0.25625 0.109375 0.19375
15 0.721875 0.2078125 0.15625 0.15625
15 0.23515625 0.6796875 0.1015625 0.221875
15 0.45546875 0.428125 0.1734375 0.18125
15 0.32890625 0.04921875 0.1375 0.0984375
15 0.88359375 0.0890625 0.096875 0.084375
15 0.684375 0.06171875 0.1546875 0.121875
15 0.55703125 0.0765625 0.1125 0.1515625
15 0.196875 0.2171875 0.153125 0.1421875
15 0.31171875 0.89296875 0.11875 0.0625
15 0.4765625 0.68125 0.1921875 0.2375
15 0.16171875 0.86953125 0.1671875 0.109375
15 0.396875 0.0859375 0.1015625 0.103125
15 0.26171875 0.26796875 0.0875 0.1359375
15 0.05078125 0.27734375 0.0859375 0.1640625
15 0.5171875 0.28125 0.096875 0.109375
15 0.1578125 0.68828125 0.1625 0.2125
15 0.0453125 0.0609375 0.090625 0.115625
15 0.5015625 0.87734375 0.184375 0.096875
15 0.2875 0.0984375 0.109375 0.109375
