15 0.38828125 0.7421875 0.16953125 0.36640625
15 0.57421875 0.59453125 0.17109375 0.3515625
15 0.27734375 0.48984375 0.19921875 0.37421875
15 0.14765625 0.24453125 0.221875 0.3765625
15 0.6203125 0.890625 0.17109375 0.21875
15 0.38125 0.16171875 0.196875 0.3109375
15 0.78125 0.2234375 0.19140625 0.43828125
15 0.50234375 0.24921875 0.2015625 0.35078125
15 0.70078125 0.4390625 0.15703125 0.5296875
15 0.86796875 0.36640625 0.1671875 0.496875
15 0.10703125 0.64140625 0.2140625 0.4421875
15 0.80390625 0.82578125 0.196875 0.34375
