15 0.5359375 0.7875 0.165625 0.4046875
15 0.0953125 0.7171875 0.159375 0.221875
15 0.51953125 0.6265625 0.14375 0.1703125
15 0.7 0.1640625 0.0875 0.0796875
15 0.7515625 0.77578125 0.2203125 0.278125
15 0.3203125 0.5859375 0.171875 0.159375
15 0.67265625 0.26484375 0.121875 0.075
15 0.6390625 0.19765625 0.0796875 0.1046875
15 0.29140625 0.8140625 0.2453125 0.371875
15 0.7046875 0.49453125 0.128125 0.109375
15 0.9078125 0.24296875 0.128125 0.0734375
15 0.7984375 0.25234375 0.096875 0.0734375
15 0.88515625 0.88359375 0.2296875 0.23125
15 0.84375 0.1890625 0.1390625 0.059375
15 0.05078125 0.26953125 0.0953125 0.11875
15 0.14296875 0.4671875 0.15 0.165625
15 0.11484375 0.25078125 0.0703125 0.0828125
