15 0.36875 0.65 0.4359375 0.2421875
15 0.69375 0.690625 0.390625 0.209375
15 0.6453125 0.8640625 0.253125 0.271875
15 0.15390625 0.86796875 0.296875 0.2203125
15 0.10859375 0.61796875 0.2078125 0.2796875
15 0.6265625 0.3265625 0.359375 0.3015625
15 0.878125 0.865625 0.2375 0.1875
15 0.87578125 0.3234375 0.246875 0.2484375
15 0.29140625 0.33671875 0.33125 0.2796875
15 0.3359375 0.7734375 0.328125 0.121875
15 0.84296875 0.52109375 0.309375 0.1984375
15 0.59296875 0.46328125 0.309375 0.13125
15 0.12734375 0.16484375 0.2390625 0.3140625
15 0.44296875 0.11953125 0.409375 0.23125
15 0.9109375 0.69296875 0.1765625 0.1921875
15 0.82265625 0.12109375 0.3546875 0.2421875
