15 0.9109375 0.13046875 0.14375 0.096875
15 0.8828125 0.2828125 0.09375 0.115625
15 0.9078125 0.84453125 0.121875 0.0953125
15 0.81875 0.3953125 0.11875 0.075
15 0.86796875 0.63125 0.15 0.0796875
15 0.90078125 0.69375 0.125 0.0734375
15 0.75859375 0.68671875 0.1609375 0.05
15 0.74609375 0.63828125 0.1234375 0.09375
15 0.82734375 0.47109375 0.14375 0.0734375
15 0.671875 0.51015625 0.09375 0.059375
15 0.8078125 0.93359375 0.0734375 0.1078125
15 0.86953125 0.20625 0.13125 0.05625
15 0.80078125 0.14765625 0.084375 0.0859375
15 0.9015625 0.76015625 0.1171875 0.065625
15 0.75078125 0.8234375 0.13125 0.0609375
15 0.81953125 0.03828125 0.109375 0.071875
15 0.93671875 0.55859375 0.1265625 0.0484375
15 0.90703125 0.49921875 0.128125 0.0671875
15 0.9109375 0.35546875 0.1015625 0.059375
15 0.959375 0.1828125 0.08125 0.0703125
15 0.7453125 0.546875 0.11875 0.084375
15 0.7484375 0.115625 0.0953125 0.090625
15 0.75390625 0.24609375 0.128125 0.05
15 0.7265625 0.19609375 0.11875 0.078125
15 0.6546875 0.5734375 0.1 0.065625
15 0.95703125 0.26484375 0.084375 0.06875
15 0.93046875 0.42421875 0.1140625 0.071875
15 0.81484375 0.72734375 0.090625 0.065625
15 0.9421875 0.9265625 0.115625 0.1125
15 0.74140625 0.0359375 0.065625 0.06875
15 0.734375 0.44453125 0.096875 0.078125
15 0.6875 0.09765625 0.0734375 0.096875
15 0.909375 0.03671875 0.10625 0.0734375
15 0.79453125 0.3296875 0.11875 0.0703125
15 0.83515625 0.784375 0.096875 0.0609375
15 0.746875 0.896875 0.0640625 0.1
