15 0.90234375 0.72265625 0.1953125 0.35625
15 0.884375 0.409375 0.215625 0.3125
15 0.2125 0.63984375 0.26875 0.253125
15 0.60234375 0.465625 0.290625 0.246875
15 0.51796875 0.31640625 0.165625 0.171875
15 0.33125 0.77578125 0.3046875 0.384375
15 0.590625 0.88359375 0.3625 0.2234375
15 0.2625 0.21484375 0.1125 0.0875
15 0.08515625 0.85234375 0.109375 0.215625
15 0.5625 0.725 0.36875 0.334375
15 0.7078125 0.2375 0.2578125 0.20625
15 0.19375 0.1515625 0.171875 0.14375
15 0.37578125 0.29921875 0.115625 0.10625
15 0.1703125 0.35 0.1734375 0.1375
15 0.04375 0.15546875 0.0875 0.1203125
15 0.19765625 0.06953125 0.19375 0.0859375
15 0.3578125 0.4234375 0.2359375 0.1765625
15 0.44140625 0.20546875 0.221875 0.0828125
15 0.14453125 0.909375 0.09375 0.1796875
