15 0.534375 0.359375 0.215625 0.525
15 0.36796875 0.7078125 0.1859375 0.453125
15 0.5484375 0.8140625 0.33125 0.365625
15 0.37265625 0.26796875 0.1578125 0.42890625
15 0.28671875 0.1984375 0.16796875 0.38671875
15 0.91171875 0.83203125 0.16796875 0.28671875
15 0.64140625 0.296875 0.12734375 0.3265625
15 0.83125 0.490625 0.2265625 0.5109375
15 0.78828125 0.925 0.3125 0.13359375
15 0.10234375 0.22265625 0.203125 0.39609375
15 0.58515625 0.075 0.17109375 0.14609375
15 0.0796875 0.52734375 0.159375 0.1953125
15 0.26015625 0.52890625 0.13828125 0.2171875
15 0.80078125 0.1359375 0.20234375 0.253125
15 0.20234375 0.7890625 0.2265625 0.421875
