15 0.09921875 0.67578125 0.19609375 0.1515625
15 0.4421875 0.41796875 0.1921875 0.12109375
15 0.18828125 0.6046875 0.18671875 0.1484375
15 0.46015625 0.79765625 0.203125 0.09453125
15 0.65703125 0.78046875 0.19921875 0.11328125
15 0.73515625 0.3734375 0.1421875 0.1328125
15 0.246875 0.78828125 0.221875 0.12578125
15 0.49140625 0.678125 0.30390625 0.1671875
15 0.7265625 0.5015625 0.23203125 0.140625
15 0.36796875 0.57578125 0.1765625 0.153125
15 0.7296875 0.64296875 0.21015625 0.171875
15 0.18125 0.36953125 0.125 0.10703125
15 0.9015625 0.64140625 0.18828125 0.16796875
15 0.33046875 0.325 0.2 0.1828125
15 0.85390625 0.49609375 0.11796875 0.115625
15 0.3125 0.72109375 0.1875 0.128125
15 0.584375 0.37890625 0.1828125 0.14453125
15 0.85859375 0.77578125 0.19921875 0.10546875
15 0.52421875 0.50859375 0.2921875 0.20390625
15 0.06796875 0.80703125 0.1359375 0.10546875
