15 0.10703125 0.734375 0.209375 0.26484375
15 0.88125 0.73828125 0.18125 0.2984375
15 0.40625 0.84609375 0.1578125 0.30703125
15 0.8078125 0.06171875 0.17421875 0.12109375
15 0.7453125 0.871875 0.171875 0.25
15 0.29140625 0.08671875 0.178125 0.1734375
15 0.29765625 0.3453125 0.221875 0.2109375
15 0.12578125 0.1203125 0.1296875 0.23984375
15 0.19453125 0.55234375 0.24921875 0.24765625
15 0.80625 0.1625 0.14453125 0.1890625
15 0.5734375 0.8046875 0.17265625 0.38125
15 0.7609375 0.6140625 0.18125 0.30625
15 0.91484375 0.46171875 0.16015625 0.24609375
15 0.56015625 0.20078125 0.1578125 0.21953125
15 0.10859375 0.3421875 0.15625 0.26328125
15 0.30703125 0.7046875 0.16015625 0.2640625
15 0.77265625 0.36875 0.1703125 0.240625
15 0.88984375 0.93046875 0.20703125 0.12734375
15 0.34609375 0.21328125 0.21640625 0.1765625
15 0.2421875 0.90625 0.28984375 0.18203125
15 0.59921875 0.4890625 0.203125 0.30234375
15 0.059375 0.47109375 0.11640625 0.2625
15 0.45859375 0.39375 0.178125 0.23671875
15 0.59296875 0.05625 0.17265625 0.11171875
