15 0.42578125 0.41640625 0.2140625 0.46953125
15 0.26796875 0.42109375 0.190625 0.39765625
15 0.121875 0.43984375 0.24375 0.4140625
15 0.33671875 0.7875 0.16796875 0.23203125
15 0.715625 0.79140625 0.20625 0.2765625
15 0.89140625 0.76328125 0.2015625 0.26328125
15 0.8 0.43203125 0.21171875 0.38671875
15 0.92109375 0.41640625 0.1578125 0.3953125
15 0.61171875 0.4265625 0.16015625 0.41171875
15 0.11328125 0.8546875 0.2265625 0.290625
15 0.6 0.203125 0.14140625 0.3453125
15 0.084375 0.171875 0.16796875 0.30859375
15 0.51796875 0.79609375 0.18125 0.26484375
15 0.42578125 0.921875 0.21875 0.15546875
15 0.7859375 0.2375 0.17890625 0.2375
15 0.90078125 0.9234375 0.1984375 0.15078125
15 0.43515625 0.15859375 0.14375 0.1875
15 0.18671875 0.17890625 0.11640625 0.23046875
15 0.82578125 0.06875 0.1484375 0.13671875
15 0.2546875 0.2234375 0.15625 0.1734375
15 0.36484375 0.1125 0.134375 0.22421875
15 0.19453125 0.93515625 0.234375 0.1296875
15 0.68359375 0.93515625 0.234375 0.1234375
15 0.93359375 0.140625 0.1328125 0.2015625
