15 0.159375 0.07890625 0.309375 0.1515625
15 0.26953125 0.2578125 0.421875 0.203125
15 0.39140625 0.9078125 0.36875 0.184375
15 0.1203125 0.85546875 0.23125 0.1875
15 0.5734375 0.08671875 0.50625 0.153125
15 0.2578125 0.734375 0.5 0.1828125
15 0.228125 0.559375 0.45 0.1484375
15 0.6859375 0.4390625 0.6046875 0.2453125
15 0.28359375 0.46484375 0.371875 0.21875
15 0.7078125 0.6265625 0.575 0.21875
15 0.7015625 0.22578125 0.58125 0.203125
15 0.7375 0.8203125 0.50625 0.190625
15 0.74765625 0.9546875 0.465625 0.0890625
