15 0.66796875 0.73671875 0.2921875 0.171875
15 0.88671875 0.8109375 0.2265625 0.1796875
15 0.72890625 0.9203125 0.396875 0.1578125
15 0.878125 0.640625 0.2421875 0.15625
15 0.8953125 0.49296875 0.209375 0.153125
15 0.85625 0.284375 0.2875 0.15
15 0.3046875 0.8796875 0.5421875 0.2296875
15 0.8546875 0.1265625 0.290625 0.165625
15 0.70234375 0.5734375 0.33125 0.209375
15 0.6046875 0.06171875 0.3875 0.1234375
15 0.27734375 0.1515625 0.5078125 0.178125
15 0.296875 0.6671875 0.540625 0.215625
15 0.40234375 0.5015625 0.325 0.1703125
15 0.2625 0.41640625 0.4 0.33125
15 0.64765625 0.37734375 0.4125 0.175
15 0.6046875 0.203125 0.4125 0.1734375
