15 0.84921875 0.62265625 0.3015625 0.19375
15 0.240625 0.51796875 0.47265625 0.18125
15 0.2015625 0.38046875 0.4015625 0.15390625
15 0.28125 0.92421875 0.32734375 0.14140625
15 0.35 0.721875 0.53203125 0.2328125
15 0.5671875 0.784375 0.31328125 0.18359375
15 0.47578125 0.13125 0.40859375 0.171875
15 0.86953125 0.80859375 0.2484375 0.1890625
15 0.15 0.20546875 0.29921875 0.20390625
15 0.8890625 0.3609375 0.2109375 0.140625
15 0.70390625 0.2796875 0.47109375 0.1734375
15 0.740625 0.4765625 0.42734375 0.19296875
15 0.8078125 0.11875 0.3015625 0.134375
