15 0.44921875 0.8234375 0.3578125 0.1828125
15 0.35546875 0.45078125 0.39375 0.246875
15 0.35546875 0.68671875 0.33125 0.246875
15 0.8453125 0.5125 0.3046875 0.171875
15 0.4109375 0.22421875 0.3890625 0.228125
15 0.59375 0.65546875 0.2890625 0.190625
15 0.58828125 0.446875 0.196875 0.184375
15 0.8859375 0.6328125 0.228125 0.10625
15 0.6 0.1484375 0.2734375 0.1921875
15 0.67734375 0.81015625 0.1703125 0.165625
15 0.79921875 0.74296875 0.1125 0.1015625
15 0.6140625 0.325 0.2421875 0.1515625
15 0.859375 0.33203125 0.2796875 0.15
