15 0.8234375 0.55078125 0.1828125 0.3578125
15 0.45078125 0.64453125 0.24609375 0.39296875
15 0.68671875 0.64453125 0.24765625 0.33203125
15 0.5125 0.1546875 0.17109375 0.3046875
15 0.22421875 0.5890625 0.228125 0.3890625
15 0.65546875 0.40625 0.19140625 0.2890625
15 0.446875 0.41171875 0.18515625 0.19765625
15 0.6328125 0.1140625 0.10625 0.228125
15 0.1484375 0.4 0.1921875 0.2734375
15 0.81015625 0.32265625 0.16484375 0.1703125
15 0.74296875 0.20078125 0.1015625 0.11328125
15 0.325 0.3859375 0.1515625 0.2421875
15 0.33203125 0.140625 0.15078125 0.2796875
