15 0.29609375 0.85546875 0.17578125 0.1953125
15 0.10859375 0.8453125 0.2171875 0.290625
15 0.0953125 0.60859375 0.1875 0.14765625
15 0.39375 0.79921875 0.23984375 0.17578125
15 0.28828125 0.58359375 0.15546875 0.1359375
15 0.69375 0.72578125 0.2046875 0.1546875
15 0.18046875 0.50234375 0.14375 0.1390625
15 0.228125 0.66640625 0.14375 0.1375
15 0.4453125 0.4734375 0.16953125 0.10859375
15 0.778125 0.69453125 0.19921875 0.11875
15 0.484375 0.60390625 0.24765625 0.16640625
15 0.4984375 0.75625 0.2703125 0.1765625
15 0.72734375 0.58203125 0.23984375 0.12109375
15 0.06953125 0.46171875 0.1390625 0.1203125
