15 0.7984375 0.5046875 0.08203125 0.0953125
15 0.4 0.55 0.09453125 0.10234375
15 0.85234375 0.58125 0.0875 0.10625
15 0.3 0.69765625 0.07265625 0.11640625
15 0.7359375 0.521875 0.07734375 0.10546875
15 0.5875 0.55625 0.0890625 0.1125
15 0.31875 0.49765625 0.071875 0.08203125
15 0.24921875 0.5046875 0.07421875 0.08671875
15 0.65703125 0.52265625 0.09296875 0.109375
15 0.790625 0.603125 0.0890625 0.10390625
15 0.48984375 0.6765625 0.084375 0.1171875
15 0.65859375 0.634375 0.0875 0.11328125
15 0.3703125 0.709375 0.0734375 0.1078125
15 0.28515625 0.60078125 0.0734375 0.1453125
15 0.209375 0.60703125 0.0875 0.14140625
15 0.7296875 0.6234375 0.0890625 0.10625
15 0.51953125 0.578125 0.07890625 0.121875
15 0.83671875 0.67890625 0.0765625 0.10390625
15 0.571875 0.6546875 0.08125 0.11875
15 0.63359375 0.73046875 0.0875 0.11796875
15 0.34453125 0.59609375 0.0640625 0.1109375
15 0.47421875 0.784375 0.0859375 0.13125
15 0.2640625 0.784375 0.07890625 0.12890625
15 0.896875 0.66171875 0.07421875 0.1
15 0.33515625 0.79921875 0.0703125 0.11953125
15 0.40390625 0.79296875 0.0734375 0.125
15 0.7078125 0.71640625 0.08203125 0.11328125
15 0.77421875 0.696875 0.08125 0.10703125
15 0.5484375 0.7546875 0.0796875 0.121875
