15 0.2859375 0.2 0.175 0.38359375
15 0.8328125 0.4890625 0.221875 0.4984375
15 0.3765625 0.2671875 0.1625 0.42578125
15 0.54453125 0.8109375 0.3296875 0.3703125
15 0.36484375 0.709375 0.196875 0.45859375
15 0.9109375 0.83359375 0.165625 0.28359375
15 0.64296875 0.2984375 0.121875 0.32578125
15 0.27109375 0.534375 0.15703125 0.221875
15 0.53515625 0.35234375 0.2140625 0.509375
15 0.78828125 0.1640625 0.215625 0.3234375
15 0.03984375 0.77578125 0.0796875 0.41796875
15 0.10390625 0.22734375 0.20625 0.409375
15 0.7890625 0.92734375 0.31953125 0.13828125
15 0.53203125 0.709375 0.13828125 0.19765625
15 0.19609375 0.79140625 0.228125 0.3921875
