15 0.465625 0.640625 0.215625 0.525
15 0.63203125 0.2921875 0.1859375 0.453125
15 0.4515625 0.1859375 0.33125 0.365625
15 0.62734375 0.73203125 0.1578125 0.428125
15 0.71328125 0.8015625 0.16875 0.3875
15 0.08828125 0.16796875 0.16875 0.2875
15 0.35859375 0.703125 0.128125 0.3265625
15 0.16875 0.509375 0.2265625 0.5109375
15 0.21171875 0.075 0.3125 0.134375
15 0.89765625 0.77734375 0.203125 0.396875
15 0.41484375 0.925 0.171875 0.146875
15 0.9203125 0.47265625 0.159375 0.1953125
15 0.73984375 0.47109375 0.1375 0.2171875
15 0.19921875 0.8640625 0.203125 0.253125
15 0.79765625 0.2109375 0.2265625 0.421875
