15 0.415625 0.31640625 0.196875 0.271875
15 0.2953125 0.47421875 0.20625 0.2765625
15 0.2859375 0.146875 0.184375 0.29375
15 0.6125 0.3296875 0.20625 0.2265625
15 0.8328125 0.57265625 0.325 0.36875
15 0.14296875 0.31796875 0.2515625 0.340625
15 0.2234375 0.6703125 0.225 0.3
15 0.53828125 0.53359375 0.21875 0.28125
15 0.77578125 0.759375 0.275 0.29375
15 0.584375 0.8203125 0.253125 0.18125
15 0.878125 0.3515625 0.228125 0.2578125
15 0.08984375 0.7890625 0.171875 0.2359375
15 0.35703125 0.8421875 0.2609375 0.1375
15 0.8765625 0.10703125 0.1609375 0.2125
15 0.80390625 0.18671875 0.1875 0.159375
15 0.12109375 0.08203125 0.184375 0.1625
15 0.059375 0.5125 0.11875 0.31875
