15 0.3953125 0.22265625 0.4015625 0.203125
15 0.64921875 0.7125 0.390625 0.221875
15 0.59140625 0.50234375 0.4140625 0.215625
15 0.871875 0.6390625 0.24375 0.16875
15 0.53515625 0.89765625 0.58125 0.1984375
15 0.86640625 0.84296875 0.2625 0.2109375
15 0.221875 0.675 0.44375 0.1671875
15 0.18515625 0.86640625 0.365625 0.1546875
15 0.77265625 0.5296875 0.209375 0.1296875
15 0.75859375 0.215625 0.296875 0.3296875
15 0.1484375 0.08359375 0.296875 0.153125
15 0.16953125 0.34375 0.3390625 0.178125
15 0.9125 0.096875 0.165625 0.1875
15 0.21953125 0.54140625 0.428125 0.1828125
15 0.6953125 0.053125 0.3625 0.1
15 0.92265625 0.43984375 0.153125 0.209375
