15 0.85859375 0.81640625 0.253125 0.159375
15 0.63984375 0.6453125 0.21875 0.121875
15 0.1671875 0.8921875 0.23828125 0.1828125
15 0.66171875 0.79140625 0.278125 0.1625
15 0.85078125 0.66953125 0.2640625 0.13515625
15 0.384375 0.22265625 0.21875 0.190625
15 0.64765625 0.50625 0.26484375 0.16015625
15 0.865625 0.5203125 0.25390625 0.15859375
15 0.2921875 0.70859375 0.2171875 0.1703125
15 0.8265625 0.203125 0.19375 0.1625
15 0.50078125 0.36640625 0.25 0.2265625
15 0.90234375 0.07890625 0.18359375 0.140625
15 0.48828125 0.6125 0.1984375 0.1453125
15 0.08984375 0.74921875 0.171875 0.225
15 0.74140625 0.059375 0.26875 0.1171875
15 0.7125 0.93828125 0.15078125 0.1171875
15 0.48125 0.07734375 0.23203125 0.15234375
15 0.86640625 0.94609375 0.1875 0.1015625
15 0.14375 0.5609375 0.24140625 0.18125
15 0.53515625 0.9328125 0.22578125 0.1265625
15 0.365625 0.5328125 0.1953125 0.1515625
15 0.6265625 0.1796875 0.253125 0.18046875
15 0.725 0.34453125 0.234375 0.17265625
15 0.14140625 0.17109375 0.28203125 0.31640625
15 0.24296875 0.3921875 0.24296875 0.20078125
15 0.4234375 0.85703125 0.25078125 0.20859375
15 0.0578125 0.38671875 0.1125 0.22265625
