15 0.36953125 0.67421875 0.19453125 0.23671875
15 0.1625 0.64296875 0.1015625 0.153125
15 0.3171875 0.42265625 0.125 0.11328125
15 0.91875 0.68046875 0.1625 0.2328125
15 0.83515625 0.434375 0.21328125 0.2
15 0.5828125 0.7265625 0.25078125 0.25546875
15 0.73671875 0.52421875 0.13671875 0.146875
15 0.46953125 0.4875 0.10390625 0.1359375
15 0.1765625 0.51875 0.19375 0.121875
15 0.3 0.59921875 0.21171875 0.16328125
15 0.70234375 0.390625 0.10859375 0.134375
15 0.88125 0.58828125 0.1453125 0.17421875
15 0.73515625 0.8015625 0.23984375 0.23046875
15 0.55390625 0.475 0.0828125 0.12578125
15 0.14609375 0.4640625 0.1625 0.0890625
15 0.78984375 0.6375 0.09765625 0.13984375
15 0.440625 0.39296875 0.1390625 0.12265625
15 0.3953125 0.84609375 0.171875 0.1484375
15 0.43203125 0.68828125 0.1671875 0.1453125
