15 0.67421875 0.63046875 0.2375 0.19375
15 0.64296875 0.8375 0.153125 0.1015625
15 0.42265625 0.6828125 0.1125 0.125
15 0.68046875 0.08125 0.2328125 0.1625
15 0.434375 0.16484375 0.2 0.2125
15 0.7265625 0.4171875 0.25625 0.25
15 0.52421875 0.26328125 0.146875 0.1375
15 0.4875 0.53046875 0.1359375 0.103125
15 0.51875 0.8234375 0.121875 0.19375
15 0.59921875 0.7 0.1625 0.2125
15 0.390625 0.29765625 0.134375 0.109375
15 0.58828125 0.11875 0.175 0.1453125
15 0.8015625 0.26484375 0.23125 0.240625
15 0.475 0.44609375 0.125 0.0828125
15 0.4640625 0.85390625 0.0890625 0.1625
15 0.6375 0.21015625 0.140625 0.096875
15 0.39296875 0.559375 0.121875 0.1390625
15 0.84609375 0.6046875 0.1484375 0.171875
15 0.68828125 0.56796875 0.1453125 0.1671875
