15 0.1359375 0.65390625 0.2640625 0.2875
15 0.271875 0.37890625 0.25390625 0.334375
15 0.26875 0.7671875 0.1484375 0.453125
15 0.47265625 0.23671875 0.2265625 0.4
15 0.24921875 0.12265625 0.34453125 0.2375
15 0.08046875 0.4078125 0.1515625 0.2859375
15 0.66484375 0.290625 0.190625 0.3234375
15 0.8828125 0.521875 0.221875 0.31328125
15 0.1140625 0.221875 0.21796875 0.171875
15 0.4265625 0.840625 0.171875 0.31875
15 0.51015625 0.54921875 0.43984375 0.26484375
15 0.109375 0.859375 0.21015625 0.2640625
