15 0.2 0.7140625 0.384375 0.175
15 0.4890625 0.1671875 0.4984375 0.221875
15 0.2671875 0.6234375 0.425 0.1625
15 0.8109375 0.45546875 0.3703125 0.3296875
15 0.709375 0.63515625 0.459375 0.196875
15 0.83359375 0.0890625 0.284375 0.165625
15 0.2984375 0.35703125 0.325 0.121875
15 0.534375 0.72890625 0.221875 0.15625
15 0.35234375 0.46484375 0.509375 0.2140625
15 0.1640625 0.21171875 0.3234375 0.215625
15 0.77578125 0.96015625 0.41875 0.0796875
15 0.22734375 0.89609375 0.409375 0.20625
15 0.92734375 0.2109375 0.1375 0.31875
15 0.709375 0.46796875 0.196875 0.1375
15 0.79140625 0.80390625 0.3921875 0.228125
