15 0.92109375 0.159375 0.1515625 0.30859375
15 0.7421875 0.26953125 0.203125 0.42109375
15 0.0921875 0.39140625 0.18359375 0.36796875
15 0.14453125 0.1203125 0.1875 0.23046875
15 0.91328125 0.5734375 0.15390625 0.50703125
15 0.265625 0.2578125 0.18203125 0.5
15 0.440625 0.228125 0.1484375 0.45
15 0.5609375 0.6859375 0.2453125 0.6046875
15 0.53515625 0.28359375 0.21875 0.37109375
15 0.3734375 0.7078125 0.21796875 0.57421875
15 0.77421875 0.7015625 0.20390625 0.58125
15 0.1796875 0.7375 0.190625 0.50625
15 0.0453125 0.74765625 0.0890625 0.465625
