15 0.15859375 0.34609375 0.140625 0.28671875
15 0.1390625 0.70390625 0.14296875 0.275
15 0.63671875 0.69921875 0.115625 0.2890625
15 0.9015625 0.46328125 0.134375 0.15390625
15 0.0546875 0.4421875 0.1078125 0.246875
15 0.4125 0.39375 0.1359375 0.27265625
15 0.56875 0.41875 0.09453125 0.253125
15 0.078125 0.89375 0.13046875 0.20078125
15 0.3921875 0.68671875 0.11875 0.22578125
15 0.2515625 0.6890625 0.121875 0.28828125
15 0.78359375 0.4828125 0.08203125 0.18671875
15 0.68203125 0.4140625 0.13203125 0.29453125
15 0.87421875 0.690625 0.08828125 0.3328125
15 0.953125 0.6640625 0.09140625 0.3296875
15 0.77890625 0.72265625 0.1203125 0.303125
