15 0.8375 0.5125 0.07421875 0.10625
15 0.0578125 0.3578125 0.08828125 0.0734375
15 0.8171875 0.42578125 0.06015625 0.0828125
15 0.90078125 0.43203125 0.0703125 0.08984375
15 0.91484375 0.51796875 0.0890625 0.090625
15 0.0734375 0.47421875 0.07109375 0.08984375
15 0.70703125 0.4203125 0.06484375 0.09140625
15 0.746875 0.3109375 0.05703125 0.07109375
15 0.97109375 0.51015625 0.0578125 0.08359375
15 0.91640625 0.32578125 0.096875 0.06328125
15 0.84375 0.33046875 0.04609375 0.06015625
15 0.18046875 0.48046875 0.071875 0.09921875
15 0.84140625 0.390625 0.0546875 0.0828125
15 0.35 0.52421875 0.0546875 0.11015625
15 0.76484375 0.51171875 0.07265625 0.090625
15 0.76171875 0.44296875 0.0609375 0.071875
15 0.1359375 0.271875 0.08515625 0.0609375
15 0.13359375 0.3125 0.07265625 0.07421875
15 0.95390625 0.434375 0.06328125 0.078125
15 0.3453125 0.42734375 0.0671875 0.09140625
15 0.21875 0.21875 0.08046875 0.04296875
15 0.86640625 0.23046875 0.078125 0.04140625
15 0.2359375 0.253125 0.0765625 0.0453125
15 0.88125 0.26015625 0.0703125 0.05078125
15 0.63203125 0.4390625 0.0625 0.09765625
15 0.13125 0.4859375 0.07109375 0.103125
15 0.69375 0.51796875 0.0609375 0.10234375
15 0.28359375 0.484375 0.071875 0.09453125
15 0.67734375 0.27109375 0.0421875 0.06484375
15 0.209375 0.396875 0.071875 0.09375
15 0.125 0.3796875 0.0671875 0.08046875
15 0.3875 0.46875 0.0515625 0.09375
15 0.27734375 0.37265625 0.0640625 0.08984375
15 0.97578125 0.40859375 0.0484375 0.08359375
15 0.29609375 0.234375 0.08515625 0.04765625
15 0.871875 0.30234375 0.06640625 0.03828125
15 0.7015625 0.32578125 0.06171875 0.08125
15 0.246875 0.44375 0.06640625 0.0828125
15 0.11328125 0.228125 0.07265625 0.04921875
15 0.22109375 0.54140625 0.07109375 0.11484375
15 0.19296875 0.30703125 0.06328125 0.05703125
15 0.42109375 0.3359375 0.0515625 0.075
15 0.7625 0.24765625 0.040625 0.06015625
15 0.7859375 0.36015625 0.065625 0.07890625
15 0.6046875 0.33203125 0.0484375 0.06015625
15 0.371875 0.37890625 0.0546875 0.08984375
15 0.49453125 0.4984375 0.0578125 0.09140625
15 0.0296875 0.465625 0.05625 0.0734375
15 0.79375 0.2984375 0.04375 0.0578125
15 0.50078125 0.35546875 0.04921875 0.07734375
15 0.3734375 0.26953125 0.0484375 0.06171875
15 0.32734375 0.2046875 0.0515625 0.04765625
15 0.64140625 0.29765625 0.05625 0.07265625
15 0.5765625 0.5 0.06484375 0.109375
15 0.33203125 0.34296875 0.0546875 0.07265625
15 0.5421875 0.4203125 0.053125 0.0828125
15 0.4609375 0.3671875 0.04765625 0.08046875
15 0.753125 0.3859375 0.0640625 0.0734375
15 0.06796875 0.4078125 0.0625 0.06484375
15 0.19921875 0.1671875 0.0359375 0.0578125
15 0.63671875 0.53515625 0.05703125 0.08828125
15 0.03671875 0.2734375 0.05859375 0.0625
15 0.06953125 0.25078125 0.06484375 0.04609375
15 0.6609375 0.38671875 0.05078125 0.07421875
15 0.44375 0.490625 0.05 0.0734375
15 0.428125 0.27265625 0.04609375 0.05859375
15 0.240625 0.19609375 0.06640625 0.04375
15 0.4234375 0.41484375 0.0515625 0.078125
15 0.490625 0.41171875 0.04921875 0.06640625
15 0.47578125 0.27265625 0.03984375 0.0578125
15 0.22578125 0.3390625 0.06171875 0.05859375
15 0.178125 0.20390625 0.05546875 0.04375
15 0.55234375 0.2359375 0.03515625 0.059375
