15 0.784375 0.7109375 0.35078125 0.30625
15 0.31875 0.9046875 0.3015625 0.1875
15 0.23359375 0.5359375 0.34765625 0.40078125
15 0.51875 0.4328125 0.25703125 0.38046875
15 0.8515625 0.19140625 0.22265625 0.25625
15 0.6515625 0.290625 0.17578125 0.21171875
15 0.6359375 0.89765625 0.2703125 0.2046875
15 0.4703125 0.7265625 0.29375 0.32421875
15 0.3078125 0.28203125 0.21171875 0.1796875
15 0.72734375 0.44921875 0.178125 0.23828125
15 0.9046875 0.37421875 0.1765625 0.3375
15 0.10390625 0.3609375 0.20078125 0.20234375
