15 0.34375 0.3734375 0.19140625 0.1875
15 0.2046875 0.31640625 0.15859375 0.178125
15 0.81953125 0.27109375 0.11171875 0.19765625
15 0.9015625 0.5875 0.1828125 0.5296875
15 0.36484375 0.24375 0.13984375 0.1046875
15 0.7625 0.33046875 0.115625 0.17109375
15 0.69453125 0.2453125 0.10234375 0.09375
15 0.49375 0.6375 0.221875 0.5296875
15 0.28828125 0.64296875 0.2625 0.5359375
15 0.11640625 0.675 0.225 0.515625
15 0.6625 0.559375 0.21796875 0.5578125
15 0.06171875 0.3046875 0.1234375 0.25234375
15 0.50234375 0.2453125 0.14453125 0.17890625
15 0.11328125 0.22734375 0.15625 0.18515625
