15 0.33515625 0.846875 0.1375 0.28125
15 0.81796875 0.62109375 0.178125 0.2609375
15 0.653125 0.71875 0.16875 0.2484375
15 0.4390625 0.13515625 0.18125 0.265625
15 0.609375 0.2390625 0.19375 0.246875
15 0.14453125 0.4203125 0.20625 0.25625
15 0.29375 0.290625 0.1671875 0.221875
15 0.49375 0.646875 0.159375 0.265625
15 0.20859375 0.640625 0.1640625 0.325
15 0.3859375 0.484375 0.146875 0.2125
15 0.18046875 0.85703125 0.159375 0.26875
15 0.63046875 0.496875 0.225 0.2625
15 0.10390625 0.16953125 0.184375 0.25
15 0.9171875 0.4765625 0.1625 0.25
15 0.77734375 0.38671875 0.190625 0.225
15 0.4796875 0.859375 0.15625 0.271875
15 0.35625 0.63984375 0.1234375 0.234375
15 0.2515625 0.0921875 0.234375 0.178125
15 0.79140625 0.81484375 0.165625 0.2234375
15 0.06171875 0.70625 0.121875 0.165625
15 0.46015625 0.34921875 0.1578125 0.2109375
15 0.9203125 0.88125 0.140625 0.225
15 0.853125 0.14375 0.2875 0.2875
15 0.0515625 0.8734375 0.0984375 0.19375
