15 0.86953125 0.9109375 0.09609375 0.14453125
15 0.7171875 0.8828125 0.11484375 0.09296875
15 0.15546875 0.9078125 0.09453125 0.12109375
15 0.6046875 0.81875 0.07578125 0.11796875
15 0.36875 0.86796875 0.0796875 0.14921875
15 0.30625 0.90078125 0.0734375 0.12421875
15 0.31328125 0.75859375 0.04921875 0.1609375
15 0.36171875 0.74609375 0.09453125 0.1234375
15 0.52890625 0.82734375 0.0734375 0.14296875
15 0.48984375 0.671875 0.05859375 0.09453125
15 0.06640625 0.8078125 0.1078125 0.0734375
15 0.79375 0.86953125 0.05703125 0.13046875
15 0.85234375 0.80078125 0.0859375 0.08515625
15 0.23984375 0.9015625 0.065625 0.1171875
15 0.1765625 0.75078125 0.06171875 0.13203125
15 0.96171875 0.81953125 0.071875 0.109375
15 0.44140625 0.93671875 0.0484375 0.1265625
15 0.50078125 0.90703125 0.0671875 0.12734375
15 0.64453125 0.9109375 0.05859375 0.1015625
15 0.8171875 0.959375 0.0703125 0.08125
15 0.453125 0.7453125 0.084375 0.11796875
15 0.884375 0.7484375 0.08984375 0.0953125
15 0.75390625 0.75390625 0.04921875 0.128125
15 0.80390625 0.7265625 0.07890625 0.11953125
15 0.4265625 0.6546875 0.06640625 0.10078125
15 0.73515625 0.95703125 0.06796875 0.08515625
15 0.57578125 0.93046875 0.071875 0.1140625
15 0.27265625 0.81484375 0.06484375 0.090625
15 0.0734375 0.9421875 0.1125 0.115625
15 0.9640625 0.74140625 0.06953125 0.06484375
15 0.55546875 0.734375 0.078125 0.09609375
15 0.90234375 0.6875 0.09765625 0.0734375
15 0.96328125 0.909375 0.0734375 0.10546875
15 0.6703125 0.79453125 0.0703125 0.11796875
15 0.215625 0.83515625 0.0609375 0.09609375
15 0.103125 0.746875 0.1 0.0640625
