15 0.3640625 0.90390625 0.3125 0.184375
15 0.5390625 0.69453125 0.24375 0.171875
15 0.18515625 0.1609375 0.35 0.259375
15 0.2140625 0.81640625 0.2859375 0.13125
15 0.1796875 0.646875 0.3375 0.2953125
15 0.31640625 0.078125 0.3375 0.146875
15 0.4640625 0.4 0.23125 0.13125
15 0.32890625 0.509375 0.36875 0.25
15 0.30703125 0.27265625 0.2640625 0.2125
15 0.1734375 0.3921875 0.328125 0.246875
15 0.39765625 0.6984375 0.15625 0.1578125
15 0.5515625 0.88203125 0.2296875 0.15625
15 0.50546875 0.11640625 0.234375 0.165625
15 0.7640625 0.30234375 0.134375 0.0859375
15 0.80546875 0.46015625 0.15 0.08125
15 0.77265625 0.40625 0.146875 0.103125
15 0.684375 0.95859375 0.2046875 0.071875
15 0.70390625 0.61328125 0.15625 0.11875
15 0.50546875 0.2484375 0.334375 0.2109375
15 0.54453125 0.54609375 0.19375 0.14375
15 0.45703125 0.809375 0.21875 0.14375
15 0.61328125 0.409375 0.184375 0.134375
15 0.746875 0.13671875 0.1015625 0.1109375
15 0.9296875 0.86015625 0.06875 0.0484375
15 0.71875 0.26015625 0.1125 0.103125
15 0.7328125 0.790625 0.175 0.1453125
15 0.84765625 0.3296875 0.0859375 0.0671875
15 0.75546875 0.51953125 0.13125 0.1171875
15 0.94140625 0.76796875 0.071875 0.0625
15 0.91953125 0.6359375 0.0875 0.0671875
15 0.69140625 0.384375 0.115625 0.1015625
15 0.65078125 0.284375 0.08125 0.115625
15 0.6265625 0.5125 0.178125 0.1125
15 0.88984375 0.53046875 0.115625 0.078125
15 0.94453125 0.70703125 0.0734375 0.0625
15 0.953125 0.81484375 0.075 0.059375
15 0.865625 0.909375 0.103125 0.08125
15 0.828125 0.55078125 0.125 0.0828125
15 0.62890625 0.784375 0.171875 0.103125
15 0.81171875 0.721875 0.1296875 0.0859375
