15 0.46875 0.6671875 0.3640625 0.4140625
15 0.146875 0.321875 0.19140625 0.20703125
15 0.59453125 0.49921875 0.3078125 0.27578125
15 0.72421875 0.3578125 0.31796875 0.23125
15 0.7625 0.85 0.3015625 0.3
15 0.11484375 0.80546875 0.2296875 0.38828125
15 0.06015625 0.50625 0.1203125 0.175
15 0.0953125 0.103125 0.190625 0.1609375
15 0.246875 0.22421875 0.178125 0.171875
15 0.2203125 0.06484375 0.17578125 0.12890625
15 0.81953125 0.62734375 0.196875 0.27734375
15 0.43671875 0.2890625 0.20703125 0.140625
15 0.57109375 0.08671875 0.11015625 0.11640625
15 0.9375 0.3703125 0.12421875 0.228125
