15 0.30234375 0.3359375 0.2453125 0.1109375
15 0.3671875 0.54140625 0.146875 0.1390625
15 0.48984375 0.2296875 0.1609375 0.1828125
15 0.79765625 0.653125 0.14375 0.11875
15 0.27734375 0.6328125 0.15625 0.165625
15 0.5890625 0.48125 0.1515625 0.1140625
15 0.734375 0.4875 0.2328125 0.125
15 0.6359375 0.275 0.1890625 0.15625
15 0.41875 0.68046875 0.1453125 0.1671875
15 0.40546875 0.42578125 0.20625 0.0984375
15 0.19921875 0.4234375 0.2171875 0.109375
15 0.70390625 0.36875 0.2578125 0.1203125
15 0.33203125 0.24296875 0.178125 0.13125
15 0.21796875 0.53046875 0.1703125 0.1375
15 0.56875 0.66171875 0.178125 0.16875
15 0.68828125 0.6015625 0.2140625 0.15
