11 0.25 0.21328125 0.2390625 0.3375
11 0.0625 0.08203125 0.125 0.16328125
11 0.51015625 0.07578125 0.2484375 0.15078125
11 0.76953125 0.2625 0.21953125 0.3390625
11 0.940625 0.08671875 0.11796875 0.1734375
11 0.06171875 0.446875 0.1234375 0.3265625
11 0.5234375 0.425 0.2140625 0.325
11 0.946875 0.46796875 0.10546875 0.28515625
11 0.278125 0.7265625 0.22890625 0.325
11 0.7671875 0.69765625 0.23203125 0.309375
11 0.06796875 0.92265625 0.13359375 0.15390625
11 0.5296875 0.9234375 0.19296875 0.153125
11 0.95703125 0.93203125 0.0859375 0.1359375
