11 0.33828125 0.175 0.3234375 0.35
11 0.19375 0.03671875 0.165625 0.0734375
11 0.62578125 0.10078125 0.2796875 0.2015625
11 0.82421875 0.34609375 0.3046875 0.3859375
11 0.978125 0.2234375 0.04375 0.2
11 0.0984375 0.32734375 0.196875 0.3484375
11 0.54296875 0.434375 0.2953125 0.371875
11 0.92421875 0.5921875 0.1515625 0.303125
11 0.22421875 0.65625 0.309375 0.375
11 0.70234375 0.76328125 0.3078125 0.3609375
11 0.0265625 0.7875 0.053125 0.184375
11 0.4109375 0.90703125 0.228125 0.1859375
11 0.81953125 0.98203125 0.1203125 0.0359375
