9 0.96171875 0.840625 0.0765625 0.31875
9 0.7 0.7515625 0.1 0.221875
9 0.778125 0.8625 0.09296875 0.1890625
9 0.93828125 0.58046875 0.10859375 0.21640625
9 0.990625 0.1359375 0.01875 0.175
9 0.4359375 0.5609375 0.07578125 0.14921875
9 0.27421875 0.77265625 0.11328125 0.2046875
9 0.2078125 0.89453125 0.06875 0.11484375
9 0.16640625 0.628125 0.16875 0.33515625
9 0.33359375 0.4921875 0.12890625 0.33828125
9 0.571875 0.5515625 0.20625 0.4296875
9 0.72421875 0.2984375 0.1921875 0.396875
9 0.9 0.24921875 0.18203125 0.36796875
9 0.5171875 0.10078125 0.1921875 0.20078125
