9 0.9265625 0.85859375 0.14609375 0.28203125
9 0.63671875 0.78515625 0.09609375 0.2140625
9 0.7125 0.8921875 0.08984375 0.1828125
9 0.8671875 0.61953125 0.1046875 0.209375
9 0.95390625 0.18828125 0.0921875 0.1703125
9 0.38125 0.60078125 0.0734375 0.14453125
9 0.225 0.8046875 0.109375 0.19765625
9 0.1609375 0.92265625 0.06640625 0.1109375
9 0.12109375 0.665625 0.1625 0.32421875
9 0.28203125 0.534375 0.12421875 0.32734375
9 0.51328125 0.59140625 0.19921875 0.415625
9 0.66015625 0.34609375 0.1859375 0.38359375
9 0.83046875 0.29921875 0.17578125 0.35546875
9 0.46015625 0.1265625 0.1859375 0.25234375
